ID, APP, DR, X, Y
000,02,05,23784.9297,112210.2044
001,00,05,142094.7264,103404.5225
002,02,05,55084.6176,57183.9753
003,02,05,197162.2102,54393.2880
004,01,05,56701.9613,61012.6639
005,01,05,235595.7660,205085.8102
006,01,05,129912.7102,88952.6521
007,02,05,114981.8066,158596.0002
008,00,05,195068.3209,52665.2827
009,00,05,138601.3345,225998.2187
010,00,05,47292.6829,239170.9977
011,00,05,127288.2855,92558.8002
012,02,05,193597.0229,57577.8039
013,01,05,31352.9276,198511.6825
014,01,05,143635.7075,97465.8467
015,01,05,107149.7402,146204.0006
016,02,05,176124.9374,215001.5213
017,02,05,145048.9305,99757.0541
018,00,05,232248.3964,206128.3668
019,02,05,156376.9535,244600.9091
020,00,05,182294.9527,217566.9108
021,00,05,145911.1657,100829.7329
022,01,05,114718.8632,151434.3369
023,01,05,29150.5190,111872.8797
024,00,05,46046.2962,229366.0481
025,00,05,159098.1742,249651.5534
026,01,05,193411.2887,53641.9171
027,02,05,236857.1119,61672.1558
028,01,05,195484.8167,62766.5879
029,02,05,114086.0816,162048.0530
030,02,05,121692.0249,176990.7769
031,00,05,31752.0255,107451.2553
032,00,05,141828.6017,102374.6066
033,00,05,191983.5150,55735.3596
034,00,05,26020.7331,117264.8481
035,00,05,197575.9874,57554.9876
036,00,05,147869.3492,101337.2075
037,02,05,56983.7091,53262.0148
038,01,05,195801.6005,59988.8965
039,00,05,175500.1282,143508.0566
040,00,05,179100.7379,113127.3101
041,00,05,143227.4041,94414.0559
042,02,05,57580.6900,58653.9346
043,00,05,229217.8611,60355.3312
044,01,05,189851.0697,114054.9236
045,02,05,171680.9983,213560.6413
046,00,05,195742.6752,64494.7145
047,02,05,131769.3896,97882.2667
048,00,05,181664.6168,119109.9559
049,01,05,50552.5332,231921.5765
050,01,05,31905.3395,195215.0622
051,02,05,176737.4695,137718.2591
052,00,05,49987.7453,55501.8995
053,02,05,192103.6874,52819.4974
054,02,05,33627.4200,167180.0146
055,01,05,105877.8777,146974.3143
056,01,05,136778.1844,225940.3396
057,00,05,197924.7988,61817.2039
058,00,05,143844.4441,106488.3172
059,01,05,132677.1325,172843.3420
060,00,05,172092.4230,139367.8283
061,01,05,141196.2989,105770.6591
062,02,05,33839.1693,162976.1201
063,00,05,190851.5672,55778.5211
064,02,05,230145.8619,62681.8889
065,00,05,129852.0213,99803.1629
066,00,05,118641.2795,159531.6308
067,00,05,233074.7215,199368.7610
068,00,05,163292.9140,241111.5770
069,00,05,115808.6439,157358.5882
070,00,05,141109.7206,231945.7525
071,00,05,122847.2503,168702.9010
072,00,05,167666.0646,138360.6598
073,01,05,50313.6143,54144.5516
074,00,05,125846.1981,171448.5497
075,01,05,199756.9618,58498.9474
076,00,05,47839.3953,235335.9440
077,01,05,116025.1120,151587.7930
078,01,05,46865.0394,230100.0270
079,01,05,131163.9229,92645.5984
080,01,05,183924.3617,119994.8445
081,02,05,179643.1310,214475.6754
082,00,05,170247.4821,214260.1962
083,02,05,240203.3925,58511.3631
084,01,05,157860.9020,240489.3372
085,02,05,111443.6673,163547.8836
086,00,05,47132.5567,230594.0473
087,00,05,53364.7880,57056.2032
088,00,05,35851.1144,196123.7728
089,01,05,133203.9666,89978.0400
090,02,05,133978.3998,231330.0287
091,01,05,170960.1520,218744.9684
092,02,05,236614.5896,197786.0835
093,01,05,130233.8260,100340.4084
094,01,05,36660.7755,168312.6681
095,00,05,114456.6524,159030.0455
096,02,05,169510.9064,142504.5678
097,02,05,133321.8331,230886.0909
098,01,05,61304.7098,57755.6533
099,00,05,36788.8555,171576.8207
100,00,05,121235.0189,157450.6515
101,01,05,176018.2808,136601.1849
102,00,05,23924.4743,112524.4304
103,00,05,148208.9594,98716.8566
104,00,05,28439.5116,163155.8937
105,01,05,236922.7748,203197.7009
106,02,05,158102.3817,241970.2094
107,02,05,122257.1477,178116.9613
108,00,05,172145.1103,213062.2462
109,01,05,118244.0954,161331.4567
110,00,05,120988.1930,175365.1239
111,00,05,158482.5265,246020.6729
112,00,05,183615.2302,114207.1429
113,01,05,189939.7125,116400.8996
114,00,05,193854.8163,52752.1560
115,00,05,186416.9697,109077.7746
116,00,05,77005.4984,147701.6517
117,01,05,175259.4735,217345.6404
118,01,05,232096.0787,202056.3041
119,01,05,29838.7893,195824.3800
120,01,05,124452.3931,169767.9592
121,01,05,239330.2442,62640.0973
122,02,05,142323.3910,233398.1577
123,00,05,139753.3914,229295.1315
124,00,05,139576.2831,102555.5492
125,02,05,173373.9697,138601.7663
126,02,05,109259.8582,152188.5522
127,01,05,31899.6671,201035.1093
128,02,05,69900.7021,155126.4566
129,00,05,136951.7418,103119.9575
130,01,05,174850.2216,137044.5798
131,02,05,184314.0578,121330.5180
132,01,05,55237.2623,57317.1817
133,00,05,172340.5160,213610.4948
134,02,05,31792.3738,111327.4116
135,02,05,42681.5066,235285.2984
136,02,05,172069.6002,219759.5891
137,01,05,28851.0573,195916.8715
138,01,05,37370.4829,200763.9777
139,01,05,34228.6011,193242.0523
140,00,05,199617.3986,55812.6005
141,00,05,189470.9691,54510.2094
142,00,05,176828.4000,218328.6552
143,02,05,80250.9327,154623.6220
144,02,05,234856.7640,55235.5368
145,02,05,170834.6660,138941.1898
146,01,05,41147.5737,232711.6467
147,00,05,58171.0094,58882.5460
148,02,05,190998.2378,55791.2145
149,01,05,173822.5824,212025.0631
150,00,05,33240.5714,197748.8512
151,00,05,162156.9983,240647.5165
152,02,05,178323.0649,219647.0513
153,00,05,135944.1374,224338.1036
154,01,05,139554.7706,229919.7941
155,01,05,117907.8146,159444.2604
156,02,05,51928.8740,59647.4351
157,01,05,192436.3455,64021.0274
158,01,05,176611.0262,211199.9762
159,00,05,180407.7835,117057.8156
160,01,05,27832.5236,113980.1296
161,02,05,121440.9449,161454.6523
162,00,05,129313.2796,177479.9333
163,01,05,154976.3909,245001.4988
164,00,05,32567.1200,166956.0556
165,00,05,117020.7435,156025.7669
166,02,05,137760.4363,97771.5200
167,01,05,118710.9447,159844.3568
168,01,05,75029.8533,153635.0628
169,00,05,197461.8370,58969.0539
170,01,05,228377.3902,61103.9334
171,01,05,177603.7711,138008.0251
172,01,05,121188.8800,173564.9371
173,01,05,141199.1483,230798.4666
174,00,05,134990.1464,226293.3949
175,00,05,75802.1158,150447.6382
176,02,05,178438.6322,212215.9134
177,02,05,174765.3506,213705.9277
178,01,05,140118.7826,94542.4146
179,02,05,134844.1514,91782.8466
180,02,05,158892.7145,239175.0458
181,01,05,137067.2661,97966.2031
182,02,05,179895.5527,115290.3380
183,01,05,189572.4675,117444.2925
184,01,05,176182.4780,134912.5221
185,00,05,23605.0210,110937.2863
186,00,05,129568.3654,99879.6094
187,00,05,127327.6385,90013.6480
188,02,05,198687.6831,56773.3800
189,02,05,155792.3927,245151.6672
190,01,05,160287.4846,249042.7295
191,00,05,130497.6541,175174.8124
192,01,05,35429.5108,170581.6195
193,00,05,232587.3006,55761.8822
194,00,05,231053.0390,195758.8345
195,00,05,227308.9719,205260.2231
196,00,05,29315.1553,168895.8756
197,02,05,137302.4339,100504.1978
198,01,05,230065.4903,59020.1244
199,01,05,38671.5541,198714.3087
200,02,05,169258.6057,135449.1156
201,02,05,57698.1026,57647.8507
202,00,05,104553.2972,145185.8541
203,02,05,108718.6400,155219.4738
204,02,05,119007.8029,163238.7511
205,01,05,37896.7486,166138.7463
206,02,05,176082.0149,137512.5425
207,02,05,31705.7472,202642.8126
208,02,05,60668.6599,60530.4819
209,02,05,129396.1224,170963.8275
210,01,05,115663.2399,151894.3411
211,00,05,196692.2334,53303.2856
212,00,05,115370.9329,160103.0263
213,02,05,29492.1799,113876.8797
214,02,05,31933.6633,162885.3149
215,02,05,184031.2334,119984.0783
216,00,05,133791.3965,94328.9524
217,00,05,188822.0566,113831.0456
218,00,05,32369.7536,112730.7308
219,02,05,175123.5780,213966.3641
220,00,05,182103.0509,112983.4112
221,01,05,193427.6651,64409.5600
222,01,05,127707.7276,97989.6442
223,02,05,230809.7912,60222.5883
224,02,05,112706.1626,144069.0095
225,02,05,132617.6826,171152.4185
226,01,05,163499.9730,243840.2117
227,01,05,106136.9381,149465.8973
228,00,05,198951.7416,62440.8765
229,00,05,104404.1042,148715.9747
230,01,05,234883.4007,53421.8177
231,00,05,123143.9667,173778.4225
232,02,05,163579.7762,242884.3126
233,02,05,235299.3460,65449.1224
234,00,05,71793.9984,148375.1087
235,01,05,184770.7762,110815.5125
236,02,05,143173.4852,95136.9721
237,01,05,136063.2565,231782.2629
238,00,05,55750.3581,52739.2269
239,01,05,151441.0037,246656.6035
240,01,05,234612.2512,207607.3826
241,00,05,45094.1577,233397.9274
242,01,05,195884.8102,53912.4337
243,01,05,235453.8156,64487.0819
244,02,05,174582.7562,219009.6583
245,02,05,139123.3886,102910.8474
246,02,05,59886.4418,56640.7122
247,01,05,37206.2977,192969.6640
248,01,05,121061.8804,170512.9664
249,01,05,230293.9198,199326.0124
250,00,05,27446.7749,118533.2417
251,00,05,195202.5150,58541.1522
252,02,05,61242.4522,59390.7413
253,02,05,230414.4829,200061.9662
254,00,05,155665.5011,240662.7817
255,02,05,168460.5890,133752.8476
256,02,05,231897.0486,197972.5815
257,02,05,180202.9786,215524.9770
258,00,05,35538.5827,164747.3745
259,00,05,177741.8645,213029.3510
260,02,05,227902.6275,205447.6580
261,00,05,175541.5144,220048.8022
262,00,05,142329.6384,230488.9259
263,01,05,129193.5122,173039.7670
264,00,05,115935.7570,165454.7038
265,01,05,231773.8963,197209.1838
266,00,05,110176.3394,142390.4867
267,00,05,113032.9299,145668.8306
268,00,05,142235.0440,95625.6210
269,00,05,79476.5502,157846.6439
270,01,05,171543.6578,211904.5864
271,00,05,183801.7138,117626.1402
272,00,05,196269.8573,57712.9450
273,01,05,139360.9457,100075.5974
274,01,05,173757.5919,211924.9217
275,00,05,174531.4698,215866.5068
276,02,05,54228.9812,60552.3763
277,02,05,135760.1886,98325.3324
278,01,05,129555.7717,174540.2114
279,02,05,231894.3352,60432.0478
280,00,05,136255.9293,225098.8426
281,00,05,121688.4834,173349.5652
282,00,05,131895.2220,93358.7546
283,02,05,143116.3968,94796.6179
284,02,05,30958.0491,116922.8859
285,00,05,173862.2149,215360.9004
286,01,05,133763.6350,227975.0373
287,01,05,172279.7889,210854.5520
288,00,05,105328.9484,151167.2155
289,00,05,150839.4979,243328.6225
290,00,05,155808.4037,244784.3347
291,01,05,174131.3639,219080.7312
292,01,05,188001.0073,58888.1655
293,01,05,173189.8047,221733.4041
294,02,05,172927.2564,143630.3629
295,02,05,79618.8984,148077.4229
296,01,05,32630.9588,115196.4302
297,02,05,170665.4249,215155.5770
298,00,05,134239.8400,233603.1249
299,01,05,60615.9145,57039.7751
300,01,04,176237.4287,136866.7913
301,02,04,145351.5616,101789.6074
302,02,04,102262.8192,153027.1751
303,01,04,165738.3480,241944.8117
304,02,04,137343.4766,230522.1510
305,02,04,112663.1506,151635.3220
306,00,04,197029.0527,54137.2822
307,01,04,118385.9975,176654.8162
308,01,04,168720.7209,217432.9815
309,00,04,149408.0174,238260.2008
310,02,04,173210.4304,218462.8657
311,02,04,178023.2040,213393.3430
312,02,04,195032.0240,63785.0097
313,01,04,39101.2271,190422.9663
314,01,04,185415.1955,108210.6761
315,00,04,29851.8349,173233.8947
316,02,04,32388.1537,192545.1446
317,01,04,38367.9491,237393.2559
318,01,04,31569.6241,164363.9932
319,02,04,28056.0220,163723.2156
320,02,04,38336.6375,165110.5703
321,01,04,32959.6584,175878.9458
322,01,04,71085.3750,161467.5304
323,00,04,71774.5359,146101.1674
324,01,04,158319.1541,239573.7753
325,02,04,27349.0425,166267.7557
326,01,04,202531.7699,63031.9801
327,01,04,27820.0077,204369.2121
328,00,04,34616.4859,170334.5698
329,02,04,180562.6555,216091.4394
330,02,04,81853.4255,150748.7631
331,01,04,186985.1741,53649.1998
332,02,04,237675.6183,195672.4679
333,02,04,30037.2954,109421.4060
334,00,04,179763.5813,219617.9979
335,00,04,230641.1584,51109.0475
336,01,04,50518.7336,233553.8499
337,00,04,166359.6791,144130.7741
338,00,04,130419.8831,173202.4711
339,01,04,25573.9263,193997.3030
340,01,04,59769.8701,63140.1909
341,00,04,238834.7020,195676.9452
342,01,04,112245.1057,154699.0121
343,02,04,37892.6427,190476.8077
344,00,04,173136.9670,223238.0311
345,00,04,226419.6735,56920.8169
346,00,04,49755.0584,227606.0851
347,02,04,181863.7843,140989.4848
348,00,04,183200.6964,122785.7330
349,02,04,125743.4159,102185.3846
350,01,04,35153.7711,166152.0248
351,01,04,117968.8646,168833.4712
352,00,04,124725.9266,101327.2605
353,01,04,112783.0283,157941.3807
354,02,04,170628.0697,141685.5495
355,02,04,71793.6631,148660.1204
356,00,04,156290.1109,245162.6123
357,02,04,60344.6978,58771.9081
358,00,04,70052.7676,152160.6597
359,00,04,199964.0269,51898.6308
360,00,04,37562.1471,198716.0122
361,02,04,30017.1868,110460.6773
362,00,04,74761.3551,144558.2558
363,00,04,29142.5768,167921.5166
364,00,04,32365.5165,108021.0403
365,01,04,28723.2806,196710.5030
366,00,04,27576.3525,201553.0813
367,02,04,137099.0189,91671.5834
368,01,04,27123.2840,117656.8914
369,00,04,140951.7083,102977.1602
370,02,04,116257.9627,154347.4141
371,00,04,134734.6521,225947.9012
372,00,04,45615.2816,56564.1938
373,00,04,56299.9053,66555.2370
374,02,04,55963.5069,61737.0718
375,02,04,33046.1200,198064.7080
376,01,04,108918.5559,157350.0993
377,00,04,47258.2806,227112.1196
378,02,04,112212.2250,143030.3795
379,02,04,25894.7312,121257.9003
380,00,04,146339.7104,231122.4715
381,01,04,129173.1510,165492.7246
382,02,04,155266.9350,249209.1732
383,01,04,181637.7964,115261.1747
384,02,04,123911.9256,97336.5195
385,01,04,225853.2416,56708.9022
386,02,04,46672.9675,54413.1312
387,02,04,169805.0394,143400.5942
388,01,04,237756.6496,52399.4649
389,02,04,32763.5047,190117.3845
390,01,04,233532.6990,203548.0536
391,02,04,167635.6605,219164.6452
392,01,04,34420.9441,190963.6983
393,02,04,37434.3428,162498.9411
394,00,04,42564.3492,234781.9465
395,01,04,70502.6172,161125.6278
396,01,04,229695.9777,199035.7887
397,02,04,230854.5804,53449.7513
398,01,04,236500.7529,208066.1606
399,02,04,30389.7986,113057.9609
400,01,04,196647.2372,67689.3081
401,00,04,198498.1629,66644.7176
402,00,04,34511.6186,162233.8828
403,02,04,121933.6712,171539.2637
404,01,04,168294.5703,214609.6974
405,01,04,133431.0988,223188.0513
406,00,04,104993.0805,143904.6836
407,02,04,236050.1436,56679.7408
408,01,04,232347.9166,207251.5093
409,01,04,196757.7949,55550.1612
410,02,04,192983.4713,55395.7634
411,01,04,176255.1261,217476.2022
412,02,04,227468.5341,202925.2992
413,00,04,239661.1511,201465.5796
414,00,04,178499.3927,145239.7061
415,00,04,155574.4939,251994.9652
416,02,04,35142.3401,193362.1989
417,01,04,24847.9796,117990.0715
418,00,04,49037.6954,226283.9247
419,02,04,127789.1127,90159.0750
420,00,04,187182.5474,109874.5757
421,00,04,237021.1880,195288.8040
422,01,04,149324.3677,239862.1683
423,02,04,149413.3127,242221.4994
424,02,04,237741.9619,198811.7855
425,01,04,122685.2747,93817.5322
426,02,04,165349.5216,243863.0597
427,02,04,26305.4674,172199.3502
428,02,04,178118.5283,136827.4841
429,01,04,146241.7074,98124.7877
430,02,04,232839.9239,64214.2429
431,02,04,158751.2304,248756.9360
432,00,04,78712.0820,153411.0689
433,02,04,43898.1128,236060.3249
434,02,04,35759.6803,205860.8238
435,01,04,124549.0000,176170.8541
436,00,04,226599.6043,207150.2365
437,01,04,135127.1980,232586.5631
438,00,04,169341.6924,215893.8836
439,01,04,34584.3255,199394.8579
440,02,04,25862.3974,165795.5278
441,00,04,34207.8208,162643.9523
442,00,04,53733.1638,60708.3769
443,02,04,177086.9679,133463.2380
444,02,04,237938.9095,197985.4978
445,02,04,119987.4592,179969.8622
446,01,04,40503.7778,195305.7156
447,01,04,35456.4570,194201.2333
448,00,04,191429.0147,118852.6819
449,00,04,144250.3030,95007.3893
450,01,04,176043.0546,219308.1404
451,01,04,36712.6564,165665.3525
452,01,04,37811.6801,189884.7983
453,02,04,42519.6521,235164.7590
454,01,04,140807.0170,99783.7502
455,00,04,174261.2378,136693.5417
456,02,04,38881.4039,195768.4355
457,02,04,32087.7850,197605.7604
458,00,04,37077.4012,234927.7784
459,01,04,229558.9722,60283.1677
460,00,04,178843.7810,219357.3368
461,00,04,199408.1880,66204.5036
462,02,04,187198.4030,108340.6032
463,00,04,186559.1382,119818.5265
464,02,04,191923.7571,117288.7802
465,02,04,68772.5695,158739.9795
466,00,04,56199.4341,52471.9660
467,01,04,232392.3824,50182.0133
468,00,04,188755.9326,53584.0531
469,00,04,143158.9581,99608.0099
470,00,04,114942.7991,149068.6807
471,01,04,135912.8906,86582.6055
472,00,04,118117.6959,147476.9841
473,02,04,129458.0019,229890.3223
474,02,04,118341.0885,155777.2489
475,02,04,144833.0513,229631.8474
476,02,04,177523.5889,145551.6821
477,01,04,41210.7047,236828.6370
478,01,04,48664.1149,231186.0283
479,02,04,183372.5718,112004.9169
480,01,04,139582.5372,101990.0348
481,00,04,132656.0428,229055.8863
482,01,04,160260.3868,249013.3430
483,02,04,235706.8863,57016.5237
484,02,04,153327.8237,235236.1734
485,02,04,131818.9916,233934.2440
486,02,04,109891.3268,148949.7275
487,02,04,25500.8345,121001.0870
488,01,04,128777.9876,169616.0092
489,02,04,174211.5659,224146.4685
490,02,04,229041.1496,52778.0269
491,00,04,104997.4845,147412.6076
492,01,04,122285.4602,170039.2007
493,02,04,39446.8430,202861.0878
494,00,04,176254.3673,143665.0509
495,02,04,173974.8852,135795.3262
496,01,04,160750.5821,240027.7885
497,00,04,38522.9255,173680.4841
498,02,04,50064.4652,227050.3433
499,01,04,34784.1934,192900.1355
500,02,04,145306.7653,109088.3972
501,02,04,25205.1511,198805.6029
502,00,04,140848.9132,104554.0621
503,00,04,162327.3970,245696.4163
504,00,04,162564.8751,236629.5499
505,00,04,72386.9051,150058.9953
506,01,04,26164.0999,115128.3112
507,02,04,46648.0765,226960.9268
508,01,04,136885.7844,222725.8302
509,02,04,109348.6964,155169.7899
510,02,04,34890.0435,165788.9507
511,02,04,33935.3512,166690.8083
512,01,04,39176.0349,197625.3330
513,01,04,104757.3865,145853.6805
514,02,04,228188.4159,196835.9020
515,00,04,117299.5707,167877.2041
516,00,04,105952.4459,156967.8747
517,01,04,182788.2049,218801.4480
518,02,04,230646.0231,54209.7732
519,01,04,76046.1251,143916.4186
520,01,04,51478.7791,58718.4807
521,01,04,147266.7266,107111.7182
522,02,04,168174.5590,217397.2334
523,00,04,38819.2066,165646.2659
524,01,04,238606.4426,203876.4627
525,00,04,104147.7390,158384.9448
526,02,04,223002.7017,201721.5978
527,01,04,188555.3333,123183.0778
528,00,04,161423.0877,242200.0776
529,01,04,78431.0607,146047.0344
530,00,04,233945.2930,203122.0822
531,01,04,228166.3200,57582.5090
532,01,04,181036.6263,119864.3370
533,01,04,178860.9023,220946.4787
534,02,04,37277.9274,233443.3301
535,02,04,234137.5438,58702.7508
536,01,04,202460.4131,58692.9421
537,01,04,103711.5863,157781.0798
538,02,04,189779.5681,115568.4914
539,02,04,69049.9720,159228.6086
540,01,04,238801.6021,199710.1730
541,01,04,79047.1232,157756.7112
542,00,04,176579.5752,118022.6750
543,01,04,229263.4663,58355.4241
544,00,04,150401.0183,240968.7501
545,01,04,27054.7576,166503.5280
546,00,04,57483.9035,58510.5774
547,02,04,229309.4348,67262.8792
548,01,04,236353.0545,200516.7976
549,01,04,175916.4743,217576.5427
550,01,04,102771.5049,156317.0942
551,00,04,55633.7602,236054.6411
552,01,04,178234.6346,109839.6566
553,01,04,122015.2757,167267.0173
554,02,04,153551.4474,250494.6987
555,02,04,78054.6414,155722.5343
556,00,04,72066.8365,152309.7463
557,01,04,57682.1747,62325.6558
558,01,04,110230.1587,141164.4325
559,01,04,174890.4940,141980.7254
560,02,04,47473.1276,56467.4697
561,01,04,37399.4613,191796.2765
562,00,04,39529.9376,234442.6970
563,02,04,35284.6207,174723.9954
564,00,04,172358.8162,133464.6057
565,01,04,172459.2027,145407.5455
566,01,04,171606.9384,140674.9379
567,02,04,137884.8560,237851.9857
568,02,04,108394.0668,162553.2802
569,00,04,165428.9137,238912.2779
570,01,04,45991.1531,242139.6388
571,02,04,120910.3804,154661.4130
572,00,04,39393.3222,230951.6619
573,00,04,168419.0008,219945.4011
574,01,04,156419.4206,241150.9849
575,00,04,175289.8886,139593.8676
576,00,04,196349.8141,59776.2198
577,00,04,109170.0969,146757.6890
578,02,04,138212.8592,220677.3604
579,00,04,42267.1673,234009.8503
580,01,04,102728.5694,154782.4036
581,01,04,135637.3520,234072.9726
582,02,04,111442.4470,164493.9599
583,00,04,149636.1188,98351.3139
584,02,04,31805.9778,103903.7144
585,02,04,38860.9337,202341.6035
586,02,04,58260.4406,58219.9970
587,02,04,134406.8269,226447.5313
588,00,04,238529.5981,67462.9281
589,00,04,175012.7673,138221.5856
590,00,04,129294.6109,165746.3013
591,02,04,166144.4029,244048.3577
592,00,04,27877.3481,173773.9558
593,02,04,116514.3880,151286.1091
594,02,04,172676.6749,218266.8954
595,00,04,72640.6792,151393.9977
596,01,04,35335.7336,166881.8609
597,02,04,160421.5120,236835.9885
598,01,04,128035.9199,92966.6109
599,00,04,42746.6711,235577.7256
600,02,03,193817.3877,68896.8940
601,00,03,178924.3541,130747.0410
602,02,03,64332.3524,60881.0065
603,01,03,41420.5630,60011.6491
604,00,03,162923.5076,247544.1398
605,00,03,30474.0223,173508.5555
606,02,03,122034.9032,90073.5645
607,02,03,153364.1310,242352.6415
608,02,03,120035.7611,90345.6684
609,01,03,184217.6455,54933.2252
610,01,03,36065.6575,228458.5680
611,02,03,228335.4450,203651.3562
612,00,03,181598.2117,104078.9073
613,02,03,219876.2638,203830.3652
614,00,03,186995.2647,62467.7115
615,01,03,192661.6586,62988.1716
616,02,03,243009.7201,206253.4497
617,02,03,173288.0978,135662.0164
618,02,03,171171.6696,203259.3771
619,02,03,149215.2787,247643.2020
620,02,03,28114.2501,199706.0315
621,01,03,230122.4880,207954.9969
622,01,03,157982.0634,231666.3632
623,02,03,234108.5460,208388.1265
624,02,03,132351.0830,223592.7226
625,01,03,194615.2695,57664.8749
626,00,03,19796.0929,160351.2759
627,01,03,226907.3332,64493.3527
628,01,03,226798.2095,196296.8509
629,00,03,115644.1785,148940.7987
630,02,03,35785.6745,203040.6092
631,01,03,167961.1842,127001.4133
632,02,03,98049.2211,150419.9531
633,01,03,172791.0410,213137.3552
634,02,03,81268.5400,158328.4816
635,00,03,44734.8378,222064.9934
636,01,03,181995.3125,56813.6866
637,00,03,170195.3789,248461.5036
638,02,03,241197.4817,201901.9487
639,02,03,170287.5577,226430.8804
640,00,03,22889.6713,103214.2936
641,01,03,35054.9847,118327.8469
642,00,03,111983.3942,148823.9564
643,00,03,127397.4496,220220.9387
644,01,03,17435.2795,108825.8491
645,01,03,127004.8227,97902.4115
646,02,03,129129.1183,160130.2665
647,01,03,99095.3228,143680.7780
648,01,03,155975.9030,102279.3583
649,02,03,176505.6204,105320.7273
650,01,03,41660.1379,223311.8898
651,01,03,137540.5073,222802.0268
652,01,03,204599.8815,53491.2053
653,01,03,72825.0593,144446.6288
654,02,03,172765.9258,205027.3532
655,01,03,163941.7888,251059.8729
656,01,03,196518.4950,64455.7801
657,02,03,145290.1250,221946.4307
658,02,03,27704.3568,197714.0527
659,01,03,33654.2958,236124.7051
660,02,03,172969.5724,217382.1774
661,00,03,189020.9387,217507.8489
662,02,03,130503.8529,167049.2652
663,00,03,45214.6746,231766.8989
664,02,03,50213.3021,52544.4850
665,02,03,47075.6078,53453.8322
666,01,03,187151.5976,214154.3062
667,02,03,173023.7675,130038.9572
668,00,03,65189.3266,62665.5110
669,01,03,153054.4751,104600.0806
670,01,03,76736.0057,153414.6390
671,01,03,38851.5838,162742.9791
672,01,03,232902.9430,52302.3160
673,02,03,86130.0273,147707.7756
674,01,03,69784.5539,141830.1176
675,00,03,116364.9305,176418.6014
676,01,03,124250.1901,186780.5095
677,02,03,36181.3616,236167.2823
678,01,03,147308.5027,234628.0898
679,01,03,78447.4564,165806.5062
680,02,03,28279.5628,196607.8809
681,02,03,30441.1782,156439.5743
682,00,03,186171.3450,63210.3355
683,02,03,183063.7447,142920.0539
684,02,03,28065.0313,191069.8610
685,01,03,120178.8150,96634.8156
686,01,03,183076.1171,58973.9587
687,00,03,28818.1120,160377.6874
688,00,03,158843.3391,239457.7628
689,01,03,53293.8706,246668.8402
690,01,03,32335.3269,108057.2978
691,00,03,179428.1289,218398.1934
692,00,03,182138.6010,132493.9232
693,02,03,41716.5395,170717.5123
694,01,03,37843.7082,239264.8464
695,01,03,174691.2551,217604.2443
696,01,03,64375.1715,67656.5870
697,01,03,38585.0851,165359.1537
698,02,03,41673.1811,56963.9078
699,01,03,134773.6969,95548.4915
700,02,03,236553.3181,205978.5799
701,00,03,34982.5799,194006.5805
702,00,03,199128.5783,56631.1668
703,02,03,54616.9714,245310.9855
704,00,03,124594.6896,84893.9281
705,02,03,131402.1304,230761.6154
706,02,03,171484.8031,111430.1032
707,01,03,177503.3697,219756.5063
708,02,03,243107.0887,193757.2329
709,02,03,48310.9814,57588.1400
710,00,03,181741.9866,224266.0162
711,02,03,119989.9855,147340.2637
712,02,03,135987.2842,235196.9331
713,02,03,151640.6830,249928.1203
714,02,03,158275.1485,239769.1397
715,00,03,24078.3702,170159.7606
716,01,03,180849.2289,58717.1835
717,02,03,234023.0403,197034.8625
718,01,03,178345.7035,102636.6866
719,02,03,136728.6881,166539.4320
720,01,03,238066.5965,53193.9008
721,02,03,131833.8353,83506.0618
722,02,03,166860.5860,145648.3659
723,01,03,37016.0319,115584.1957
724,00,03,235127.0348,210709.7551
725,02,03,117251.6580,148464.8894
726,00,03,145199.6182,241431.4776
727,00,03,31839.8305,203707.7580
728,00,03,195713.8293,118479.3308
729,00,03,117216.2886,172008.9800
730,01,03,85283.6222,151837.5010
731,00,03,98994.3397,146758.4327
732,02,03,179909.2678,126388.2289
733,01,03,38624.0625,234198.2200
734,00,03,29899.4091,186597.5302
735,02,03,34764.8598,210653.0576
736,00,03,118909.3285,166020.1810
737,02,03,183013.8625,222135.5933
738,00,03,189051.6335,57070.8745
739,02,03,140015.9345,105841.2606
740,02,03,87211.9637,156726.4649
741,01,03,71601.5112,152703.4145
742,00,03,165712.3565,144251.8071
743,00,03,191372.6244,121648.1714
744,01,03,187396.4775,51389.3128
745,01,03,178234.2725,150619.9866
746,00,03,111639.1186,153480.6752
747,02,03,185730.1930,214292.5752
748,00,03,163407.1460,243713.2643
749,01,03,180549.4885,148973.1255
750,01,03,140300.5590,237754.8819
751,00,03,99016.2710,160293.8452
752,02,03,40744.8598,114530.7474
753,02,03,115556.7205,158179.5425
754,00,03,37952.0420,177913.6531
755,02,03,51282.3564,67994.0162
756,02,03,175155.6804,142683.9880
757,00,03,168211.7810,237018.7362
758,00,03,146513.4455,94602.1713
759,02,03,124172.9057,83373.2147
760,00,03,32237.3877,167810.5562
761,02,03,232658.9745,206590.2020
762,00,03,67144.0712,53396.7670
763,00,03,24077.4518,202042.1661
764,02,03,125250.1338,229531.7403
765,02,03,50051.1407,237147.7513
766,00,03,171957.0439,133267.9390
767,00,03,20523.2514,172346.0287
768,02,03,58753.1109,240442.5026
769,02,03,239279.3105,197023.7771
770,01,03,37935.6553,192548.4900
771,00,03,129708.1843,164867.1161
772,02,03,196035.9436,67854.8141
773,01,03,36299.3771,172917.0025
774,00,03,228106.0289,49656.9466
775,01,03,104474.1666,147929.3735
776,01,03,179661.5055,121439.8949
777,01,03,118487.4238,167675.1151
778,00,03,194565.5709,71288.8381
779,00,03,189340.7292,101812.0493
780,02,03,34943.8275,209093.9162
781,01,03,174272.5897,122291.6264
782,02,03,234991.3842,63392.9210
783,01,03,32088.5098,119437.5979
784,02,03,141764.4851,231868.6927
785,00,03,146424.6149,88087.3290
786,01,03,234184.8024,215194.6155
787,00,03,32143.5423,190738.5563
788,02,03,170213.9779,240011.6549
789,02,03,133644.2432,177039.5748
790,02,03,163357.4176,253724.0628
791,02,03,44118.1193,163628.4840
792,00,03,42565.1020,193063.9195
793,01,03,42684.0686,191280.6953
794,01,03,142908.0928,239743.0829
795,01,03,237895.9541,214810.4804
796,01,03,45340.6460,49837.6539
797,01,03,19916.3801,120078.9017
798,02,03,45125.1008,245243.1270
799,02,03,191158.7582,112950.3281
800,00,03,45792.5356,50020.7999
801,01,03,191194.9374,68262.7667
802,00,03,177135.7246,213854.6858
803,02,03,51338.0206,45533.2002
804,00,03,188148.0687,105833.8666
805,00,03,158255.1619,240574.4944
806,02,03,50178.1130,233970.7219
807,01,03,183346.3132,130611.1003
808,01,03,31555.7395,205985.1128
809,00,03,133703.6477,184155.6877
810,02,03,40655.9223,117795.5127
811,01,03,130977.3195,179736.6973
812,01,03,170031.9918,143319.5152
813,02,03,232745.0765,193769.2441
814,01,03,170369.1254,228348.7784
815,02,03,190446.2071,70738.0967
816,01,03,128809.5572,85413.3961
817,00,03,127473.5403,226972.5773
818,02,03,230300.0795,51825.3502
819,00,03,28209.4669,201552.4533
820,00,03,220624.4984,199307.4123
821,00,03,181592.3336,126607.0616
822,00,03,231290.3023,211737.0728
823,01,03,45475.3563,47551.7916
824,00,03,185274.4460,215118.2545
825,00,03,18910.6075,172024.5915
826,02,03,46220.6287,244476.9952
827,02,03,51669.3832,236970.6271
828,02,03,179633.6965,106576.6812
829,00,03,228792.5220,204252.8700
830,01,03,45000.8583,199994.5356
831,01,03,235899.5351,59279.4970
832,01,03,28379.5468,202088.2202
833,02,03,55411.7503,233408.3367
834,00,03,135231.1250,238428.5545
835,02,03,131292.0308,224384.5408
836,00,03,164470.7110,127397.6405
837,00,03,162775.9837,251267.6290
838,01,03,55565.9364,54930.8291
839,00,03,236355.4712,57328.4514
840,01,03,163975.4396,254027.8721
841,01,03,26319.8680,201918.1606
842,02,03,234090.0138,70732.4749
843,02,03,42291.2458,165314.5824
844,00,03,145963.2548,223780.3996
845,02,03,148284.7207,99563.7238
846,00,03,192727.5347,52931.0106
847,01,03,107881.3781,140372.8923
848,00,03,237948.1914,59235.8724
849,01,03,124555.2914,89821.3760
850,02,03,35647.3410,192309.3553
851,02,03,141063.7957,241338.0373
852,01,03,190738.0208,48880.9154
853,02,03,124637.3562,95494.6478
854,02,03,182987.9968,145326.2615
855,00,03,35212.7166,125288.9642
856,01,03,168459.3433,208072.8883
857,00,03,58856.8830,50074.7012
858,01,03,22685.3158,161763.7086
859,01,03,65437.5579,48947.8107
860,02,03,161199.1098,131951.2210
861,00,03,105384.8911,158912.9841
862,02,03,109458.4896,143454.6586
863,02,03,50254.9197,232743.4400
864,01,03,136255.4921,86008.0739
865,01,03,34854.8450,191173.3997
866,00,03,18200.9474,105700.2636
867,02,03,171656.1201,114323.4355
868,00,03,190877.3398,47563.5404
869,01,03,222304.3470,55962.3531
870,01,03,136638.7948,165935.5793
871,01,03,194515.4606,46623.9822
872,02,03,27087.2346,106305.3423
873,00,03,173571.4656,208413.0014
874,00,03,141357.0289,95126.7708
875,01,03,25639.1177,119789.7684
876,00,03,141630.6780,97326.0452
877,02,03,108308.9757,141650.1815
878,00,03,30615.4352,124475.8113
879,00,03,71150.3102,160963.3233
880,00,03,181239.7679,136412.1275
881,02,03,26480.6279,105577.9754
882,01,03,237149.1695,207537.1656
883,00,03,182851.9608,55423.7519
884,00,03,37215.2086,208730.3345
885,01,03,170278.7346,204101.6389
886,01,03,173407.5832,137606.7527
887,02,03,184424.7779,225917.7183
888,02,03,36336.2212,206518.9961
889,00,03,137419.2447,109847.7908
890,01,03,67258.8612,58872.8829
891,01,03,24889.1173,174615.1859
892,02,03,175969.0152,114946.0022
893,02,03,175804.6743,128597.0431
894,01,03,32923.2651,188996.6770
895,01,03,195051.5138,118897.3061
896,02,03,122484.3690,169030.3405
897,01,03,43767.7158,226659.3776
898,00,03,47514.5333,242015.5135
899,01,03,220107.4299,59454.1432
900,02,03,156178.8446,245956.5660
901,01,03,234873.0158,210781.6742
902,01,03,99018.2945,142858.8751
903,00,03,64729.1709,59257.5197
904,00,03,198476.3060,115276.6243
905,00,03,124577.3900,165949.7087
906,01,03,55704.3197,64801.3401
907,02,03,239823.8921,204376.3320
908,01,03,61696.8761,56002.6674
909,00,03,123807.3529,99157.0248
910,01,03,33661.6273,113413.0508
911,02,03,174841.5140,219866.0989
912,00,03,239280.8206,195147.7720
913,02,03,47506.8070,51888.6239
914,02,03,43308.2619,55851.8998
915,00,03,26034.0841,185453.8868
916,02,03,184718.7600,64808.6028
917,00,03,235905.4227,69193.8299
918,02,03,101544.3147,141672.6155
919,00,03,178451.8218,133894.5132
920,00,03,47393.5067,52137.6403
921,01,03,228592.3771,191102.7471
922,00,03,168171.4974,143972.9643
923,00,03,195873.8355,118239.5726
924,00,03,192525.5990,48239.4818
925,00,03,167413.9943,246302.1967
926,02,03,140333.0009,98160.4433
927,00,03,34003.2410,111104.8352
928,00,03,54314.8147,243973.6872
929,02,03,63690.8183,147096.1599
930,00,03,196700.5903,47362.2861
931,01,03,51594.1906,233201.7948
932,00,03,38870.1459,116145.7095
933,01,03,127827.6539,187098.4695
934,01,03,225288.0939,190184.5864
935,02,03,110438.6647,160458.5185
936,00,03,33568.5432,155743.7873
937,01,03,34063.6201,210856.7941
938,01,03,240653.3312,201803.4130
939,01,03,135191.3900,174186.7751
940,01,03,78124.9999,140179.5983
941,00,03,106014.7720,151758.9047
942,00,03,140458.7298,223739.9915
943,01,03,33472.9760,112116.1605
944,00,03,131577.5929,85786.4444
945,02,03,21028.3301,176130.0713
946,00,03,146204.0825,97423.2977
947,00,03,147983.8093,110270.2135
948,00,03,27403.2469,178635.3072
949,02,03,52737.0964,50870.6672
950,01,03,131222.4844,185604.6277
951,00,03,41831.2969,107435.8225
952,02,03,132263.7076,177439.0737
953,01,03,149511.8805,111190.6923
954,00,03,221410.1904,209801.1481
955,01,03,236478.4166,52366.5049
956,02,03,124162.2698,105775.1256
957,01,03,159649.6492,137779.7150
958,01,03,230774.3346,202373.5314
959,00,03,27209.4325,106133.0890
960,01,03,34732.3457,117418.6015
961,01,03,135246.7252,231505.2655
962,00,03,148272.2268,229358.0068
963,02,03,158245.1357,247424.5308
964,00,03,116239.4947,163127.3574
965,00,03,234838.6041,46882.7920
966,01,03,156079.8998,236296.7867
967,02,03,192042.5458,57682.9482
968,00,03,220554.5998,62774.1566
969,01,03,129318.8747,228581.2430
970,02,03,59035.1804,67055.7334
971,00,03,150921.3528,227392.4408
972,02,03,180776.9635,59354.6773
973,02,03,50771.1460,240997.9271
974,01,03,54219.6127,225561.1228
975,02,03,114722.6688,144531.0844
976,02,03,180717.0028,205531.7908
977,00,03,113161.2727,135593.9399
978,02,03,208078.9854,59977.3285
979,01,03,36256.8207,177259.4462
980,00,03,167842.0862,125638.7101
981,02,03,225104.1277,198888.6123
982,02,03,37917.6291,224026.4906
983,02,03,83608.2857,159611.7687
984,02,03,128929.7510,222775.9792
985,00,03,126947.3700,106009.2786
986,02,03,165760.7754,240193.9620
987,01,03,235516.8641,213303.5567
988,01,03,158682.6355,249377.2646
989,00,03,42197.0155,58635.6044
990,02,03,28724.9024,187861.1295
991,01,03,56215.3774,232569.1176
992,01,03,239912.5453,199931.7089
993,02,03,102922.7264,151830.5408
994,02,03,173382.9530,138860.8604
995,00,03,73714.3137,163305.9748
996,02,03,40159.6967,105240.5506
997,02,03,54940.5235,224323.4504
998,01,03,220139.2189,203822.1957
999,01,03,67203.4498,159989.0382
1000,02,03,180797.1693,147869.4546
1001,00,03,41921.5538,53081.8324
1002,00,03,128810.4984,232059.5955
1003,01,03,236468.4789,206138.6537
1004,01,03,116755.8323,171711.7319
1005,01,03,163883.5711,242355.2717
1006,00,03,147633.2025,95793.9710
1007,00,03,169123.6406,134009.7991
1008,01,03,185005.3873,63031.8441
1009,00,03,233606.3888,209637.1966
1010,02,03,133532.6557,223923.8973
1011,01,03,140892.3854,220604.6301
1012,01,03,162068.2974,145793.1194
1013,01,03,36343.5293,118185.4740
1014,01,03,176624.6039,124189.2524
1015,01,03,38282.3334,232398.9656
1016,01,03,30610.1395,109582.4916
1017,01,03,73359.9649,162957.7849
1018,02,03,33043.8098,119567.8236
1019,02,03,29051.5262,102756.7333
1020,01,03,48643.9247,229973.2586
1021,01,03,173284.2478,151208.9224
1022,02,03,183389.9583,145733.6351
1023,02,03,34328.9170,233488.6721
1024,00,03,176001.4525,224251.2557
1025,02,03,103954.7575,160785.1709
1026,00,03,68618.0363,57270.9943
1027,01,03,121954.3213,185620.8964
1028,02,03,144002.6009,104829.0369
1029,01,03,226223.5610,54000.4433
1030,01,03,40346.3132,245460.8335
1031,00,03,127852.9836,91095.4818
1032,02,03,227745.5043,55370.5362
1033,00,03,102534.9556,159822.0500
1034,00,03,79685.6960,161594.9447
1035,00,03,198804.1998,45943.2992
1036,02,03,190906.7714,46920.3019
1037,00,03,52111.3411,53866.5680
1038,01,03,167346.4422,208375.0746
1039,00,03,62369.6410,154047.5920
1040,01,03,241605.6868,68814.7937
1041,01,03,174316.8529,136688.4058
1042,01,03,52355.7405,52144.3961
1043,02,03,183315.0718,140070.8936
1044,00,03,173294.7656,131506.1981
1045,00,03,35766.2237,233308.5946
1046,00,03,197929.3707,53909.1525
1047,02,03,175715.0849,205455.4552
1048,01,03,25398.6657,196039.3255
1049,00,03,135423.6975,175179.8337
1050,00,03,182559.0588,105101.4437
1051,00,03,190505.2912,60764.3111
1052,01,03,220719.2322,202460.9998
1053,01,03,179841.1644,132752.5507
1054,00,03,109137.2269,156463.2959
1055,01,03,148839.2026,232463.7017
1056,02,03,191300.8995,49582.4503
1057,00,03,44288.8261,197664.1291
1058,00,03,145137.7660,88631.6353
1059,00,03,48953.1329,57024.6844
1060,02,03,101974.2743,162796.0048
1061,00,03,227089.2904,47766.3250
1062,01,03,24526.1610,163624.9308
1063,01,03,41700.1341,111912.2262
1064,01,03,194727.3946,64830.4977
1065,01,03,182319.8345,221737.1678
1066,01,03,231594.6069,72030.6400
1067,02,03,65741.5256,50162.3891
1068,00,03,114848.1270,177932.7048
1069,02,03,130272.8326,81657.3849
1070,01,03,183451.4828,127236.5513
1071,01,03,30944.8893,202344.0506
1072,02,03,143871.4940,94038.4080
1073,01,03,221194.2901,195631.3658
1074,02,03,150929.1176,234902.1278
1075,00,03,159263.5727,239598.9506
1076,01,03,31594.1740,156178.1962
1077,02,03,179495.3803,146355.2605
1078,02,03,82617.9424,148528.4434
1079,01,03,54638.2969,224054.2031
1080,01,03,39279.0889,157738.2017
1081,02,03,199058.9883,47528.5660
1082,02,03,61411.4798,63736.9799
1083,01,03,113903.9650,155633.8741
1084,00,03,186627.3074,122656.3531
1085,02,03,148448.3618,240034.0481
1086,00,03,42781.0217,175030.9173
1087,00,03,166247.9546,128314.8210
1088,00,03,240004.9044,200722.9412
1089,00,03,71453.1696,153020.8355
1090,00,03,140959.1682,105580.8173
1091,01,03,32211.5447,164895.1464
1092,01,03,238644.6701,57309.9180
1093,00,03,24800.9988,156704.6883
1094,01,03,141219.5712,221875.7957
1095,01,03,45364.0184,236244.2340
1096,02,03,232911.5036,190605.0627
1097,01,03,146653.8390,244403.1517
1098,01,03,240800.9719,203144.9551
1099,00,03,126733.0859,157585.6222
1100,02,03,27902.2549,172164.0095
1101,02,03,56307.0152,64973.1047
1102,01,03,134561.0189,91485.1206
1103,02,03,146421.6996,223088.1926
1104,01,03,160806.6581,142679.1267
1105,02,03,143306.6297,113651.2861
1106,02,03,30459.8805,115752.6689
1107,00,03,34073.1548,175563.0100
1108,01,03,103648.6146,158719.0366
1109,01,03,42203.2082,234011.3852
1110,01,03,222229.5676,207688.2048
1111,00,03,231940.6311,202544.1741
1112,00,03,221537.9000,205498.0900
1113,02,03,47881.7135,59813.5865
1114,01,03,151755.2754,108701.2138
1115,00,03,242872.7772,58075.1917
1116,02,03,236913.3262,63367.8732
1117,00,03,165928.8644,135553.5991
1118,02,03,179237.6769,127866.8002
1119,01,03,126404.9509,224588.9332
1120,00,03,79273.9520,154891.8101
1121,01,03,37668.1235,176239.8399
1122,02,03,117441.2237,174903.1657
1123,01,03,37834.5028,194547.5896
1124,02,03,143910.3176,96137.4601
1125,01,03,228916.6303,55502.2452
1126,00,03,237346.6630,61494.8279
1127,02,03,182816.5460,118182.2334
1128,02,03,107282.2182,141876.0735
1129,00,03,130979.6180,180959.1997
1130,00,03,81956.5869,152269.9802
1131,01,03,157126.8880,254901.1934
1132,01,03,181365.1804,206375.1874
1133,01,03,179827.0329,138091.3787
1134,00,03,183087.5255,223608.9773
1135,00,03,112905.6540,160243.2269
1136,02,03,20581.5926,122529.2199
1137,00,03,39369.8892,173707.5362
1138,02,03,192927.7204,48815.5943
1139,02,03,78228.5149,141530.9288
1140,01,03,50854.6661,68606.4047
1141,01,03,112078.3296,162101.4569
1142,01,03,156604.3718,237565.2975
1143,02,03,245661.8722,202572.3205
1144,02,03,164941.1501,222340.7837
1145,01,03,30297.7147,124375.5032
1146,02,03,98105.7629,152274.6967
1147,02,03,221702.8604,58514.2645
1148,01,03,187394.7843,218553.6173
1149,01,03,43314.2154,194118.0109
1150,02,03,142832.6664,91525.1718
1151,00,03,39364.7280,243723.6482
1152,02,03,169566.6295,247651.8124
1153,01,03,38078.8614,227842.7779
1154,00,03,29129.8282,159792.7168
1155,01,03,121164.2983,87377.0543
1156,00,03,136447.3063,170130.1724
1157,01,03,149929.2526,234584.7368
1158,02,03,243220.0356,55337.2544
1159,02,03,230167.8737,189588.1004
1160,00,03,139765.3140,228585.3883
1161,02,03,43947.5686,165720.8179
1162,02,03,241933.5079,197762.2912
1163,00,03,51668.1194,236503.6703
1164,02,03,172530.8678,138322.0027
1165,01,03,184258.9263,66026.3409
1166,00,03,134821.5225,86191.8259
1167,00,03,63501.1775,60438.0180
1168,01,03,27708.2857,162269.4397
1169,01,03,143168.3031,226818.8994
1170,02,03,179889.6077,118887.5350
1171,02,03,117982.2851,183895.5782
1172,00,03,182260.5031,207483.3402
1173,02,03,27658.6014,165530.7108
1174,01,03,42831.4383,201499.8005
1175,00,03,30483.1223,163066.0857
1176,01,03,30068.7827,171380.6315
1177,00,03,36037.6572,160278.5406
1178,01,03,127652.5700,90160.0651
1179,00,03,77014.8919,139631.5795
1180,01,03,36647.0580,174054.1170
1181,02,03,156934.8048,240158.4508
1182,00,03,26092.8336,174138.1486
1183,01,03,134768.1610,238241.2892
1184,02,03,169164.4431,143061.4662
1185,02,03,125705.9986,157470.5222
1186,02,03,110189.1356,140511.1205
1187,01,03,45714.6063,57934.0550
1188,00,03,119212.6934,175190.0047
1189,01,03,185825.4687,221874.7500
1190,00,03,30732.5601,160106.6481
1191,02,03,75973.3675,148332.1042
1192,01,03,127597.0273,227309.1297
1193,01,03,37678.7844,193988.0282
1194,02,03,234613.3638,48327.5141
1195,00,03,132048.4490,101906.7626
1196,00,03,195407.6971,72497.3994
1197,02,03,23088.2743,163548.6617
1198,02,03,46706.1193,199863.0727
1199,01,03,123107.4496,99387.5932
1200,02,03,104904.0321,156288.3840
1201,00,03,143928.2000,240708.0333
1202,01,03,173234.2572,121369.5246
1203,01,03,128270.8735,230361.3290
1204,00,03,130012.2809,85828.8081
1205,02,03,53351.4484,236920.1608
1206,01,03,131071.7236,168343.7403
1207,01,03,192822.4351,113944.2652
1208,02,03,39343.7356,202347.6214
1209,00,03,183656.1334,224900.4359
1210,00,03,38786.7982,107146.9007
1211,02,03,65324.4214,49079.7197
1212,01,03,123842.3483,153837.0736
1213,02,03,236394.2910,189867.9059
1214,01,03,25928.0593,119013.1252
1215,02,03,62093.4956,56356.5437
1216,02,03,137967.0444,224460.9399
1217,02,03,45236.0027,229031.6782
1218,02,03,153780.2243,94244.0840
1219,02,03,34190.3573,160760.3692
1220,00,03,24944.0525,174583.5192
1221,01,03,33066.2669,109558.4399
1222,02,03,32679.7030,119402.5021
1223,01,03,139749.9572,231025.6392
1224,00,03,114835.4742,173651.8588
1225,01,03,182462.3992,103838.4963
1226,02,03,133993.9021,218026.8688
1227,01,03,19564.5356,104650.0576
1228,00,03,178471.2790,148037.9745
1229,02,03,121900.7496,186501.3392
1230,00,03,193324.3254,118093.0650
1231,02,03,53197.6589,241117.2834
1232,02,03,136970.1016,238306.6321
1233,01,03,56456.0327,47104.8655
1234,01,03,146053.0678,239794.2016
1235,00,03,29609.0276,103661.1557
1236,00,03,49002.2515,223203.5659
1237,01,03,141157.9600,231005.4064
1238,00,03,115091.4833,164033.3647
1239,00,03,134249.9002,221160.3075
1240,01,03,234288.6500,61338.5640
1241,00,03,133679.2684,173948.0390
1242,00,03,223565.3867,207121.9161
1243,01,03,135396.8571,111688.3952
1244,02,03,114169.9398,171237.9798
1245,02,03,75358.4754,152609.1252
1246,01,03,43264.3007,203891.0031
1247,01,03,164720.8059,146991.2718
1248,01,03,156375.2777,248148.4830
1249,01,03,228411.0282,55562.0754
1250,02,03,140042.8935,106190.8018
1251,00,03,231292.8951,198462.5151
1252,01,03,113449.8642,160851.2910
1253,01,03,235449.4474,188546.8575
1254,02,03,76972.9385,158157.3251
1255,01,03,159093.3534,142006.1886
1256,02,03,193201.4305,110356.7699
1257,02,03,118222.7715,139372.5911
1258,01,03,34928.3899,200444.1070
1259,02,03,135996.8755,240932.9591
1260,00,03,54849.5420,56647.9683
1261,01,03,116094.5947,152649.7588
1262,01,03,27578.6327,118833.9956
1263,00,03,185616.0718,103561.4959
1264,00,03,189731.8712,116006.2530
1265,02,03,42838.9661,201598.0269
1266,01,03,183651.5165,108908.3485
1267,01,03,56343.0014,230932.9798
1268,02,03,69576.6410,159703.6258
1269,02,03,35892.1715,203120.7502
1270,02,03,131275.7502,219336.5443
1271,01,03,71093.2408,155296.0588
1272,02,03,26623.0737,188820.2075
1273,00,03,164633.8597,238485.7161
1274,00,03,128286.2603,174782.6547
1275,01,03,169352.2871,245413.0659
1276,01,03,160210.8552,143467.9349
1277,01,03,223736.3470,63951.0689
1278,02,03,186770.7030,107088.3642
1279,02,03,172400.5976,126172.2772
1280,01,03,98932.4361,159612.5649
1281,01,03,111736.0326,161344.9693
1282,02,03,180519.5533,102757.5372
1283,00,03,74541.5649,151122.0176
1284,02,03,149314.4094,88569.7705
1285,00,03,33985.6846,205890.2888
1286,00,03,147320.8482,226213.5394
1287,00,03,98967.5820,145942.4031
1288,02,03,179920.6072,107752.7843
1289,00,03,30647.7433,195166.8461
1290,00,03,229196.9552,66956.7098
1291,00,03,135005.3193,236147.5788
1292,01,03,222422.4895,201438.2768
1293,01,03,31731.3237,115271.8915
1294,02,03,105950.5792,136538.1635
1295,02,03,40690.2632,164914.0544
1296,00,03,181520.3871,227234.0967
1297,00,03,202283.0734,67501.0174
1298,01,03,83469.1155,146262.9955
1299,00,03,177592.7100,139185.4077
1300,02,03,193398.0275,71904.6329
1301,02,03,189188.8895,106214.4221
1302,00,03,165434.8993,148939.2386
1303,00,03,41125.2248,201647.8463
1304,02,03,227607.3911,194983.6289
1305,02,03,120985.7601,183882.6134
1306,00,03,132885.9691,232199.4900
1307,00,03,152383.9808,110388.7253
1308,01,03,125656.3041,227170.8005
1309,00,03,168074.4114,205955.8765
1310,01,03,146002.4889,241464.8436
1311,02,03,110246.4400,138697.5924
1312,01,03,180327.0219,146959.9389
1313,00,03,44487.9943,61697.4175
1314,00,03,187676.5786,108296.4618
1315,02,03,245003.5045,59997.6300
1316,02,03,171638.6432,130531.0826
1317,02,03,191288.4072,123435.4465
1318,00,03,29354.3955,190372.0145
1319,00,03,120270.2815,178365.3475
1320,00,03,23359.7166,193427.4355
1321,00,03,36232.2132,199518.2951
1322,00,03,170689.1158,210577.7585
1323,01,03,177706.4701,226270.5276
1324,00,03,112132.6029,168681.5115
1325,02,03,52896.8845,230517.9847
1326,00,03,98026.2973,153162.8932
1327,01,03,44433.3124,223119.6068
1328,00,03,174990.3989,137642.7847
1329,01,03,124765.9693,92289.7182
1330,02,03,51305.0825,235366.3686
1331,02,03,164302.4279,233688.9199
1332,01,03,164717.4251,213489.9766
1333,01,03,26675.2639,101455.0832
1334,00,03,143296.8215,102214.3986
1335,00,03,222449.4582,62430.2137
1336,00,03,175413.9967,151218.9054
1337,02,03,137762.2362,235613.1830
1338,02,03,173113.9973,218584.3178
1339,02,03,184351.3897,211969.7076
1340,01,03,116164.8570,162792.3363
1341,01,03,23799.8268,117791.2341
1342,02,03,168141.9059,148607.9871
1343,00,03,243169.3229,61121.4262
1344,02,03,168338.9512,212926.0288
1345,00,03,115016.0412,165270.2715
1346,00,03,124593.8018,92709.3111
1347,00,03,41791.5680,243802.8904
1348,02,03,171743.2534,145480.6033
1349,00,03,65054.3321,160165.5301
1350,02,03,32767.9961,201235.3953
1351,02,03,111749.5884,159297.5795
1352,02,03,36674.6667,110572.1198
1353,01,03,56900.3266,69927.0901
1354,02,03,130279.8134,107867.0493
1355,01,03,139596.7211,243008.8731
1356,02,03,140970.4213,235300.8246
1357,01,03,43224.3081,243127.5630
1358,00,03,227497.3710,204062.5425
1359,00,03,168367.9994,246599.1739
1360,00,03,39736.5631,227477.8855
1361,00,03,127595.6125,92480.5105
1362,02,03,32045.0084,174900.3788
1363,00,03,43342.3908,193992.0710
1364,00,03,115550.8684,167013.6910
1365,01,03,195087.8080,121231.2505
1366,02,03,204679.9079,61829.9175
1367,00,03,38576.6045,199618.1205
1368,00,03,88946.6152,150277.8696
1369,00,03,176513.0282,151535.1053
1370,01,03,184273.2755,64562.9028
1371,01,03,193389.4517,125742.0074
1372,02,03,232126.0467,54768.7118
1373,00,03,32844.4716,200218.1805
1374,02,03,182570.9707,60244.1659
1375,02,03,244238.4907,51202.0819
1376,00,03,234830.6166,211252.8700
1377,01,03,183061.6432,62601.0226
1378,00,03,25846.6937,107890.1498
1379,01,03,153178.7903,254274.9284
1380,02,03,19378.3265,107599.2350
1381,01,03,133585.1911,86177.1443
1382,01,03,40699.5687,228336.7110
1383,00,03,135076.1421,105844.6434
1384,02,03,53048.6098,63551.3667
1385,00,03,37235.3441,102968.1277
1386,02,03,41701.7207,118323.4260
1387,02,03,228515.4083,53038.1584
1388,01,03,148528.6693,252117.7007
1389,02,03,162496.6579,216115.5349
1390,02,03,137594.8238,96134.1172
1391,01,03,179205.2262,139697.3347
1392,01,03,29955.0693,189197.1642
1393,02,03,171621.5320,114211.2487
1394,01,03,59485.3761,239615.9190
1395,01,03,128319.6600,91304.3988
1396,00,03,175569.1397,141874.5273
1397,02,03,228319.0988,50639.2276
1398,00,03,164669.8808,139621.0864
1399,01,03,104326.8770,165898.5814
1400,02,03,157565.8525,233601.0311
1401,00,03,46825.6918,51504.4942
1402,01,03,74129.4088,141778.2186
1403,02,03,35870.9970,102171.4220
1404,01,03,69199.9928,147558.3449
1405,02,03,226862.0916,64842.5631
1406,02,03,40076.8228,120698.4429
1407,02,03,64118.7179,61621.6675
1408,02,03,175133.8055,150729.4429
1409,00,03,141518.4229,232686.1681
1410,00,03,168907.9774,147527.5940
1411,00,03,157294.3175,249543.5513
1412,01,03,178841.3242,138403.1105
1413,01,03,136630.4444,226000.1213
1414,02,03,197890.7991,51634.5962
1415,00,03,144405.2950,101937.9844
1416,00,03,134812.5981,92186.4095
1417,01,03,43064.7682,165952.8468
1418,00,03,127050.4191,177693.7100
1419,02,03,83270.5862,148602.4629
1420,00,03,182306.1075,221882.1857
1421,00,03,126076.3407,186451.8743
1422,02,03,28223.3029,122485.0982
1423,02,03,149622.8325,242726.8804
1424,02,03,26425.0852,196527.2760
1425,00,03,175747.1886,115788.4689
1426,02,03,33322.4400,163905.7539
1427,00,03,53699.3633,71630.2161
1428,00,03,199684.9738,63585.4771
1429,01,03,226079.7796,206042.4132
1430,01,03,29474.4260,174054.4402
1431,00,03,147223.3781,228646.6224
1432,01,03,24798.4652,113871.9323
1433,02,03,167398.4576,210764.7255
1434,01,03,139213.3880,98112.2594
1435,02,03,193609.6711,56879.5769
1436,02,03,131581.1406,170989.7289
1437,01,03,168382.9008,215718.2824
1438,01,03,163534.6473,245379.7382
1439,00,03,64320.5679,153343.9718
1440,00,03,233433.8834,197477.8395
1441,01,03,134123.3330,99225.3690
1442,01,03,77268.3402,140965.6086
1443,02,03,222064.8277,202350.8480
1444,02,03,240678.9737,205507.5818
1445,01,03,136560.2210,100517.6863
1446,02,03,145410.1047,92360.7516
1447,01,03,146515.9223,233295.0767
1448,01,03,170187.1924,213624.7045
1449,00,03,84788.3080,145460.7010
1450,00,03,58828.3003,230770.0237
1451,02,03,149569.6622,110982.5252
1452,00,03,117278.7834,169109.1716
1453,00,03,184684.2839,61900.3239
1454,01,03,133368.0699,167078.8282
1455,01,03,153254.2202,254426.5501
1456,00,03,222564.5601,204409.9044
1457,00,03,153470.3228,254530.9137
1458,02,03,20914.3331,201248.3079
1459,02,03,161582.4729,142907.5022
1460,01,03,118755.3693,147225.2875
1461,02,03,22930.2233,115925.3429
1462,02,03,51264.8934,238872.8215
1463,01,03,76974.4899,145414.9106
1464,00,03,64892.8199,49528.9259
1465,01,03,71311.3475,161215.3578
1466,01,03,202089.0928,52417.3870
1467,01,03,193073.2769,71982.7436
1468,00,03,52723.3579,230997.7580
1469,00,03,184486.5647,118742.4103
1470,02,03,236368.1688,189035.9185
1471,00,03,230113.9940,48279.3760
1472,00,03,243176.1076,193907.1266
1473,00,03,20631.8058,165687.3241
1474,02,03,147719.1008,96829.9920
1475,01,03,150488.4968,96228.2034
1476,00,03,172046.1310,218724.6877
1477,00,03,22332.7604,123264.2672
1478,01,03,197126.0920,48657.9011
1479,00,03,124919.2200,86896.0147
1480,01,03,132695.1023,232412.0580
1481,02,03,235552.2041,212635.1536
1482,01,03,142427.0778,223728.1175
1483,00,03,139156.9195,109043.3681
1484,01,03,26064.8180,174359.4687
1485,02,03,43515.9048,242633.1170
1486,01,03,130754.9507,235948.9555
1487,00,03,33088.4024,159195.5643
1488,00,03,46614.3999,246110.6462
1489,02,03,53706.7423,56008.0936
1490,01,03,33604.7428,172550.3223
1491,00,03,236323.3733,69064.1255
1492,02,03,51295.5294,62515.1801
1493,02,03,183472.4809,65042.4589
1494,02,03,37605.6503,175102.8670
1495,01,03,20835.1601,106938.7156
1496,02,03,159243.1392,235924.2432
1497,01,03,152869.6292,104778.8771
1498,02,03,113285.3997,139409.4465
1499,01,03,28902.9648,165183.5563
1500,02,02,35989.1691,103210.8744
1501,00,02,27006.9549,107527.1533
1502,02,02,200144.2732,54738.6707
1503,01,02,149763.2680,99962.5622
1504,01,02,134703.5308,170181.6787
1505,02,02,22240.3155,122281.0858
1506,01,02,163611.3905,148295.2385
1507,01,02,108811.2689,166864.7974
1508,00,02,52772.5173,241956.9195
1509,00,02,136579.0253,96224.4230
1510,00,02,133542.8189,234285.3796
1511,01,02,172580.9561,137746.0513
1512,02,02,22070.7470,197015.1894
1513,01,02,172256.6784,109054.8323
1514,01,02,72887.2645,153185.5886
1515,00,02,135620.2942,216040.6163
1516,00,02,179616.6050,149396.3140
1517,02,02,30826.3394,210936.8611
1518,00,02,227357.3651,47631.5688
1519,01,02,55107.3173,50939.9171
1520,01,02,125524.4846,101308.9271
1521,00,02,199129.2904,51843.8697
1522,01,02,170573.5200,245952.9622
1523,02,02,33518.9975,192658.3227
1524,01,02,226245.0644,198879.6052
1525,02,02,39923.7476,177890.7345
1526,01,02,101828.7982,160076.9056
1527,00,02,235000.9072,211551.4892
1528,00,02,38982.2901,118468.4873
1529,01,02,226727.1921,51287.6403
1530,01,02,124702.8109,185892.1698
1531,01,02,46205.0456,238705.8779
1532,02,02,152312.2612,99847.7638
1533,02,02,155747.9715,238223.8170
1534,02,02,59867.5594,233186.2441
1535,02,02,232010.7337,69279.8991
1536,00,02,45257.4528,64321.4198
1537,02,02,70359.3999,154714.0225
1538,00,02,74468.6272,158222.5249
1539,02,02,31243.9134,168442.9059
1540,02,02,246670.7117,60032.1372
1541,02,02,43284.0105,191904.3203
1542,02,02,133734.3043,183294.8544
1543,00,02,131881.6963,97549.2130
1544,01,02,118725.2410,94585.2049
1545,00,02,166789.0666,126202.0955
1546,00,02,27712.1851,99822.6735
1547,02,02,202612.3903,61411.5901
1548,00,02,66240.7988,50477.0763
1549,02,02,80540.5857,145263.6814
1550,01,02,123207.2426,173236.8590
1551,02,02,163412.4918,239079.7217
1552,00,02,231044.8906,67475.2510
1553,02,02,67448.3012,164550.7271
1554,00,02,41332.5114,188156.3182
1555,00,02,119229.0873,177960.3869
1556,01,02,60565.1385,64027.6173
1557,01,02,21212.4100,177085.9192
1558,02,02,152886.5542,235415.9991
1559,00,02,181427.8960,142907.8085
1560,00,02,49651.2984,240098.1214
1561,00,02,230697.1078,49305.5895
1562,01,02,220071.8853,201777.6455
1563,00,02,181320.0777,107670.7004
1564,02,02,177344.0050,103674.0358
1565,01,02,179854.2905,118784.8689
1566,02,02,166630.1388,250338.8764
1567,00,02,177238.4118,224925.1411
1568,00,02,221747.3771,56764.2107
1569,01,02,43086.6309,232514.7202
1570,02,02,132907.3390,171382.1872
1571,02,02,59798.5455,237405.6953
1572,02,02,146715.7927,241513.5701
1573,01,02,136843.2895,180804.0106
1574,01,02,150066.2200,93699.0506
1575,00,02,245232.1149,204580.7869
1576,01,02,61317.1669,56422.6072
1577,00,02,163008.0548,145771.1651
1578,00,02,129837.4662,87623.3855
1579,00,02,241621.8601,199076.1433
1580,00,02,240889.3195,56804.7712
1581,01,02,30521.5466,177238.3549
1582,01,02,26702.0982,116235.3317
1583,02,02,238707.9710,204171.9577
1584,00,02,147718.3185,99707.5652
1585,02,02,29055.0670,115908.4000
1586,02,02,28318.9246,205613.6803
1587,01,02,42295.4807,231098.5209
1588,01,02,132227.9092,173908.5121
1589,02,02,148159.2347,230846.3825
1590,02,02,201599.2791,54047.7182
1591,01,02,22881.5713,105800.3353
1592,02,02,175890.2156,129300.9957
1593,00,02,56883.6376,50689.7956
1594,01,02,24844.7932,179565.6321
1595,02,02,195340.6953,112989.9054
1596,01,02,234965.1724,194544.0213
1597,01,02,120041.1208,144013.9964
1598,01,02,25615.2745,107569.0855
1599,02,02,233221.8774,202959.4420
1600,01,02,244353.4066,56401.1168
1601,01,02,168188.4724,250259.5558
1602,02,02,82461.5505,145702.3596
1603,00,02,154969.2519,95362.4299
1604,01,02,159521.9537,242557.3920
1605,02,02,119743.6560,170843.8029
1606,02,02,17637.4429,105272.2152
1607,02,02,205432.3599,54084.0737
1608,01,02,124920.4087,168937.7711
1609,00,02,165338.1343,130457.1250
1610,01,02,166526.7419,142252.9824
1611,02,02,133514.6645,240288.1503
1612,00,02,168392.4369,206083.6922
1613,01,02,37692.9743,195770.7893
1614,01,02,131316.3924,219267.3117
1615,02,02,36728.5741,204238.7408
1616,01,02,120261.2877,164923.1164
1617,00,02,167704.2646,220121.5289
1618,02,02,165665.5396,133643.8655
1619,00,02,45334.5195,50687.8291
1620,00,02,177232.6217,132788.6348
1621,01,02,106925.5313,170763.4862
1622,02,02,190295.3903,59208.8792
1623,02,02,158412.9382,251140.2367
1624,00,02,184213.9327,105058.5179
1625,00,02,228067.2875,62881.8958
1626,00,02,38128.1603,241075.5419
1627,00,02,126470.1313,154763.4525
1628,01,02,50853.9454,236184.4398
1629,01,02,115530.1321,147139.8585
1630,02,02,29441.0128,165831.7842
1631,02,02,184794.0450,66405.5337
1632,01,02,233481.9778,215836.4516
1633,01,02,179640.6641,217694.6894
1634,02,02,181953.5068,59242.4660
1635,00,02,79359.7150,163088.9720
1636,02,02,20287.7546,162688.5321
1637,01,02,124162.9090,152130.6703
1638,00,02,45113.1505,49102.8127
1639,02,02,221362.5110,202295.2278
1640,00,02,187692.6349,211317.5945
1641,01,02,47781.4606,227920.6325
1642,00,02,33947.5592,180029.6343
1643,02,02,170954.5344,216284.9444
1644,01,02,32013.3200,164593.9096
1645,01,02,180000.9806,130693.0871
1646,00,02,224977.0366,55328.2552
1647,00,02,60035.0221,60672.9493
1648,02,02,55030.2705,62375.9934
1649,02,02,194560.4085,116447.5331
1650,01,02,131278.1067,87169.3862
1651,02,02,139679.7834,91233.8722
1652,01,02,242285.5894,56248.3530
1653,01,02,166583.1438,144879.8175
1654,02,02,234496.8509,60947.6593
1655,01,02,153134.9914,237137.5518
1656,01,02,140871.2129,223069.7173
1657,01,02,145849.6631,105672.0976
1658,00,02,146272.3699,112065.7492
1659,00,02,231874.3152,71333.5999
1660,02,02,40710.9538,175595.0227
1661,02,02,110332.3088,136237.9238
1662,01,02,131097.9426,169023.2724
1663,01,02,50720.5800,51703.6328
1664,01,02,184300.3425,138449.5420
1665,02,02,110463.1723,136179.9846
1666,01,02,45640.4539,236517.9687
1667,00,02,56888.3116,59900.8311
1668,01,02,98744.9218,154137.6803
1669,01,02,153972.8586,233075.1077
1670,01,02,76201.2097,162093.0696
1671,00,02,113007.7734,170839.6673
1672,01,02,28998.6719,163701.1535
1673,02,02,29975.8625,184742.5803
1674,02,02,24642.9930,120261.5273
1675,02,02,136736.4566,176385.8991
1676,01,02,33640.8165,109510.9509
1677,02,02,192155.1413,52345.3598
1678,02,02,233268.9978,200089.5247
1679,02,02,194947.9544,64073.3122
1680,02,02,141250.2131,242746.9452
1681,00,02,197951.0426,111206.7275
1682,00,02,119317.6291,143607.9861
1683,00,02,133181.3366,105501.1706
1684,01,02,159544.7308,253854.6643
1685,02,02,41711.4664,201086.7297
1686,02,02,49931.9700,246201.3686
1687,00,02,231388.4920,210713.6203
1688,01,02,190925.3231,62289.9536
1689,00,02,39241.5116,223590.0403
1690,00,02,198852.7471,50336.8554
1691,00,02,178328.1019,126740.9543
1692,02,02,204951.8916,61869.7814
1693,00,02,140130.8163,97337.9753
1694,01,02,148221.6723,251581.8094
1695,02,02,36001.8832,205396.0948
1696,00,02,172111.6293,144008.1059
1697,01,02,41859.0224,236950.6485
1698,00,02,33516.1679,115353.1499
1699,02,02,124977.1134,223603.9501
1700,00,02,131046.0002,236920.8031
1701,00,02,74986.4007,153950.8431
1702,02,02,134422.0647,101728.3166
1703,01,02,184808.0497,112095.6709
1704,02,02,39094.7838,239782.5126
1705,02,02,169104.5863,224232.0312
1706,00,02,190052.2659,115841.7142
1707,00,02,138782.4308,217834.9299
1708,02,02,132132.8462,181775.7435
1709,02,02,78734.3411,153476.3602
1710,00,02,170024.0883,142182.8669
1711,02,02,109115.5633,148712.1924
1712,01,02,228325.2815,213892.9459
1713,01,02,34090.6159,180406.4950
1714,02,02,46123.9114,65973.9949
1715,02,02,149362.5830,253938.8289
1716,00,02,23831.4135,101457.2556
1717,02,02,146321.0282,111591.1887
1718,00,02,131904.5322,169191.0361
1719,00,02,144870.8840,220934.1271
1720,02,02,25950.9877,208391.6734
1721,01,02,128226.4968,108057.3563
1722,00,02,30122.0910,155119.2020
1723,02,02,176537.0337,123759.6986
1724,01,02,33619.5478,206031.9358
1725,00,02,148542.0262,229324.7357
1726,02,02,196648.5979,53999.7170
1727,02,02,232697.7243,196713.7917
1728,02,02,194527.1424,59122.8192
1729,02,02,132800.7263,168455.0570
1730,02,02,195284.0976,111069.3673
1731,01,02,101850.0001,137313.2305
1732,00,02,158401.9247,252492.0137
1733,01,02,38238.4711,203962.1463
1734,02,02,112376.9723,147387.8945
1735,02,02,32961.7512,208805.8816
1736,01,02,153073.1298,249026.1855
1737,00,02,128622.0123,181376.8093
1738,00,02,240806.2849,49269.8512
1739,00,02,125055.8633,159160.3419
1740,01,02,125468.2738,167196.2364
1741,02,02,46087.1476,61052.4432
1742,02,02,137551.0953,99739.9986
1743,00,02,120203.4620,162673.7132
1744,02,02,102534.7884,154494.8348
1745,00,02,230266.4187,59826.8517
1746,02,02,119850.3360,174870.0103
1747,02,02,187390.0597,127929.3116
1748,00,02,224692.1867,193212.1519
1749,01,02,138128.0577,243097.6331
1750,01,02,167101.6902,129950.1765
1751,01,02,246644.8848,63418.5747
1752,00,02,66356.5954,57447.8363
1753,02,02,234315.5320,47270.0809
1754,02,02,178311.5616,115220.5926
1755,00,02,205041.6558,60252.2641
1756,00,02,133397.4911,107323.4472
1757,00,02,23102.0157,204109.2667
1758,02,02,185042.7280,214569.1465
1759,00,02,29918.7966,112403.0320
1760,01,02,190994.1112,109624.8309
1761,02,02,184532.5617,64405.9434
1762,02,02,157045.0153,235822.7735
1763,01,02,175328.8326,145030.2222
1764,02,02,122379.2258,92911.2934
1765,02,02,126277.9460,234579.6260
1766,01,02,99000.0414,155163.8992
1767,01,02,41723.8895,110435.0925
1768,02,02,31638.3519,113644.9995
1769,00,02,125986.7342,96254.6168
1770,02,02,144887.1370,98439.0575
1771,01,02,136997.9698,221292.6959
1772,00,02,240698.3002,210685.2463
1773,01,02,42793.4899,113215.8719
1774,00,02,110906.5418,162729.3480
1775,02,02,31550.4815,174572.2470
1776,01,02,229155.2447,70202.8848
1777,02,02,230554.7673,210008.3231
1778,01,02,121620.0809,153970.6946
1779,00,02,114592.1847,141822.8932
1780,00,02,131416.9059,105413.3891
1781,02,02,180448.3223,108382.0070
1782,01,02,144413.9059,246389.1652
1783,01,02,123358.5891,89571.2728
1784,00,02,129241.3076,95116.1618
1785,02,02,52924.1790,238693.4099
1786,00,02,241700.0714,62659.8042
1787,02,02,98740.9069,160365.4540
1788,00,02,232820.3718,46805.2790
1789,02,02,59111.8405,237857.8663
1790,00,02,86661.4794,161246.9608
1791,02,02,59086.5213,62001.8146
1792,00,02,29161.8518,199284.0959
1793,01,02,141491.0968,108207.4669
1794,02,02,140792.6171,220744.6507
1795,01,02,148014.3059,108646.4748
1796,02,02,34943.2141,112769.3818
1797,00,02,225529.0825,200811.3256
1798,01,02,83567.3766,158410.5246
1799,01,02,179197.8193,119446.8356
1800,01,02,67442.6644,156128.3419
1801,02,02,168535.2252,246160.9243
1802,01,02,46362.7102,238987.0452
1803,00,02,225081.1839,51445.7664
1804,01,02,111736.9399,137043.3855
1805,02,02,19623.2108,172738.0353
1806,00,02,20915.4551,193799.0285
1807,01,02,49094.0871,56406.3526
1808,02,02,164653.9083,254543.0637
1809,00,02,171666.1973,141271.5194
1810,01,02,162282.8158,129933.8774
1811,01,02,100769.3907,143939.1354
1812,00,02,176959.1407,216408.5790
1813,01,02,187095.1709,116823.4092
1814,02,02,238130.5286,209509.6507
1815,00,02,86288.6943,156762.5148
1816,00,02,161539.3732,137358.1966
1817,00,02,144404.8678,220661.3101
1818,01,02,30229.6593,172204.4318
1819,00,02,166200.5529,245414.3339
1820,00,02,150309.8937,241122.9363
1821,02,02,41295.7616,241544.9825
1822,00,02,151827.8635,91595.8468
1823,02,02,171292.5945,116549.4742
1824,00,02,97276.2304,144059.2312
1825,01,02,26527.8805,202953.6985
1826,01,02,186428.9605,59816.3680
1827,02,02,40442.6846,200206.6452
1828,02,02,30224.9649,208956.8635
1829,00,02,56927.1511,71546.7808
1830,02,02,172672.6276,220161.6783
1831,01,02,112333.6787,163653.7777
1832,02,02,181007.9793,227332.6949
1833,00,02,230847.0166,61431.2678
1834,01,02,54606.9048,236078.0301
1835,01,02,34670.9474,105086.6872
1836,01,02,172532.4126,129438.6731
1837,02,02,168937.5569,241939.3467
1838,00,02,106683.3111,139059.7885
1839,00,02,146205.5290,241236.0343
1840,02,02,230960.3960,70026.9871
1841,00,02,143148.1948,237287.1100
1842,00,02,147824.1826,242241.2448
1843,02,02,46433.3096,47557.9941
1844,00,02,169956.9731,225934.0142
1845,01,02,122292.3635,173252.2144
1846,01,02,185174.9540,109106.2086
1847,01,02,188855.0304,104301.4430
1848,00,02,182246.6441,218862.8997
1849,01,02,20663.5737,171656.4799
1850,02,02,132599.7250,83776.0146
1851,00,02,122701.6497,183245.6737
1852,00,02,167061.7774,251187.8357
1853,02,02,219608.0138,199401.6443
1854,01,02,122255.3543,87805.1102
1855,01,02,66855.3939,57955.2136
1856,00,02,47053.8625,247947.0259
1857,01,02,33942.7096,167670.0059
1858,01,02,31870.8958,181440.5350
1859,01,02,117807.2252,179084.1877
1860,01,02,180386.9821,226895.4024
1861,00,02,136517.0778,225627.9816
1862,00,02,22890.1830,124697.2144
1863,02,02,173999.6220,220258.4597
1864,01,02,27993.5624,171796.6754
1865,02,02,127544.5206,154530.8217
1866,02,02,120866.2324,144031.0577
1867,01,02,124685.0095,166795.9849
1868,00,02,240994.9210,194745.5586
1869,02,02,44045.7179,246762.5975
1870,02,02,167412.8725,210446.6753
1871,01,02,22807.2630,206051.7614
1872,01,02,178946.9393,134621.9289
1873,00,02,113007.3227,148392.1217
1874,02,02,124903.0032,95333.3864
1875,01,02,157384.6162,255446.3474
1876,02,02,149001.9650,96871.2131
1877,00,02,173504.5722,143754.7718
1878,00,02,101888.7841,159914.9006
1879,01,02,62520.1831,153407.5672
1880,01,02,141179.5310,86906.7151
1881,01,02,229810.6187,50011.7319
1882,01,02,174006.4076,202885.5169
1883,01,02,47468.1807,225888.7730
1884,00,02,160309.4088,247409.4527
1885,02,02,239659.3471,60778.8440
1886,00,02,34220.1821,122621.1957
1887,01,02,142520.2561,235540.0004
1888,00,02,126571.4727,182630.5557
1889,00,02,239105.4421,47232.2458
1890,02,02,111799.4995,169431.7340
1891,02,02,99624.6282,140644.1401
1892,01,02,137499.6733,240560.8450
1893,00,02,28269.2963,121396.2092
1894,01,02,173718.7723,138952.4757
1895,01,02,195230.8785,122069.9112
1896,01,02,20950.1023,194598.3371
1897,02,02,27090.0731,177225.3200
1898,00,02,206194.2625,53088.9512
1899,01,02,101383.0782,155312.1750
1900,02,02,110675.8641,138840.2154
1901,01,02,48433.8294,60813.5204
1902,01,02,236942.9840,201571.6996
1903,00,02,160747.0837,253381.5327
1904,02,02,227337.0437,66395.7233
1905,02,02,50607.3163,52070.8036
1906,00,02,201127.8140,68657.4898
1907,00,02,40463.0470,110663.6210
1908,02,02,32296.9096,180270.7678
1909,00,02,25556.3894,121809.1774
1910,02,02,157982.1706,251815.5333
1911,02,02,189389.5759,218940.3373
1912,00,02,30243.7307,157773.4419
1913,00,02,197136.8453,57089.3480
1914,01,02,155155.1609,238118.6903
1915,02,02,42588.7172,194713.5312
1916,02,02,223313.0619,206933.6082
1917,01,02,130746.0487,92704.5154
1918,00,02,167520.0167,130217.6605
1919,00,02,26013.5964,125664.3956
1920,02,02,63242.5136,157768.4387
1921,00,02,67269.3241,59344.0271
1922,01,02,141526.3742,112016.6714
1923,00,02,56377.3095,45399.7630
1924,02,02,146698.6306,247265.3789
1925,00,02,50780.6317,233161.2791
1926,01,02,173354.6011,145999.4637
1927,00,02,115018.1647,148827.3144
1928,00,02,71635.9986,157985.8559
1929,00,02,118778.0829,155462.9941
1930,02,02,40453.3212,207421.7081
1931,00,02,99816.7453,140141.3875
1932,01,02,34481.8557,203849.5391
1933,01,02,170432.8433,135219.3576
1934,02,02,140617.2945,100805.6186
1935,02,02,176316.2897,106522.5056
1936,02,02,237598.8944,66869.8707
1937,02,02,54545.8811,48364.3424
1938,00,02,224084.9114,68506.4329
1939,00,02,179989.0205,226844.1990
1940,02,02,172194.6821,115489.1827
1941,00,02,128240.6315,233891.6225
1942,01,02,18951.7836,121422.7855
1943,02,02,164505.2292,253715.9170
1944,02,02,115302.5841,150886.8547
1945,01,02,146478.6017,226697.4919
1946,01,02,130496.5167,175698.3996
1947,00,02,154089.1493,98863.6777
1948,01,02,99309.2146,156634.2146
1949,02,02,46392.5812,64848.4596
1950,00,02,136075.5727,175898.1912
1951,01,02,232774.3369,50991.6530
1952,00,02,151056.0669,254362.7035
1953,00,02,174626.8968,134452.1042
1954,00,02,197168.8311,58511.5355
1955,00,02,51280.9694,228296.0403
1956,01,02,117726.0141,173817.1968
1957,00,02,142903.8888,93267.3900
1958,00,02,247428.0123,58164.6508
1959,01,02,191749.1284,116544.2465
1960,01,02,51000.2535,245679.3356
1961,00,02,52505.6373,234704.4340
1962,02,02,164652.3016,211797.4616
1963,00,02,152347.9072,105251.3694
1964,01,02,112579.5943,171164.6961
1965,00,02,188170.7012,108945.2680
1966,00,02,187547.0060,58355.0672
1967,01,02,140680.6277,85263.5436
1968,01,02,188132.2192,62899.8814
1969,01,02,42928.6028,190427.5147
1970,00,02,24868.7423,167184.3594
1971,00,02,231977.7744,61256.5768
1972,00,02,53192.8140,71163.6007
1973,02,02,70529.1078,156930.9920
1974,00,02,30632.2651,112673.7520
1975,00,02,71675.3539,158410.0324
1976,01,02,27402.1990,156141.7177
1977,00,02,123185.0084,165710.9589
1978,01,02,29455.0196,101433.4034
1979,00,02,225142.4948,198051.6097
1980,02,02,155469.8896,256420.3815
1981,01,02,68127.9693,149226.1425
1982,00,02,36830.4677,192352.1323
1983,02,02,105929.7953,151537.4303
1984,01,02,203435.7247,52059.6292
1985,01,02,172484.2737,135497.8443
1986,01,02,185859.8745,223271.7634
1987,01,02,167309.7429,207612.0132
1988,00,02,175433.0859,136580.8512
1989,01,02,228941.2990,211142.8048
1990,02,02,191501.3384,49030.7203
1991,02,02,57091.6510,45684.6587
1992,02,02,180630.0402,221113.1020
1993,00,02,242931.0579,209557.4865
1994,02,02,35553.9899,105839.9001
1995,00,02,86386.1474,160404.5067
1996,00,02,107635.0251,149400.0232
1997,00,02,132375.6884,166426.6743
1998,00,02,169821.6798,217756.3152
1999,01,02,66717.6971,156889.7195
2000,00,02,150743.1968,228481.5140
2001,02,02,153015.1392,103145.0884
2002,01,02,221682.3074,195531.3478
2003,01,02,184152.8531,131671.5754
2004,00,02,120888.1926,176365.9232
2005,00,02,139476.3609,172360.1672
2006,00,02,22978.0242,190527.2441
2007,02,02,138567.9198,93112.0919
2008,01,02,37952.4405,161424.2024
2009,02,02,172350.4647,203017.4087
2010,02,02,137110.3995,91926.3156
2011,01,02,125172.9418,87957.7297
2012,00,02,174453.0429,131966.6615
2013,00,02,179429.4614,219194.2453
2014,01,02,123685.2794,182321.1312
2015,02,02,161604.0495,237663.9986
2016,01,02,147660.7631,222892.7795
2017,00,02,150045.2669,249194.3863
2018,02,02,105531.3653,146204.6722
2019,02,02,23148.6146,113442.0851
2020,02,02,99943.6476,159451.9123
2021,02,02,236378.9147,210847.8064
2022,01,02,83809.4277,148346.8084
2023,01,02,175801.3237,120274.4252
2024,02,02,61484.8809,66102.3327
2025,01,02,37807.9676,121871.9431
2026,01,02,29409.9264,105607.2348
2027,01,02,133549.5431,217662.6573
2028,02,02,88442.0365,155594.7413
2029,01,02,123585.7790,102388.7171
2030,00,02,137830.1833,110183.5336
2031,02,02,136521.4501,233178.0737
2032,02,02,28233.1595,115007.2159
2033,01,02,111668.4742,154189.9849
2034,02,02,111347.5433,138466.2081
2035,02,02,74495.1723,157368.5196
2036,02,02,78248.2201,146211.8279
2037,00,02,232100.5490,210378.8757
2038,00,02,195926.6073,59829.8502
2039,00,02,24887.3490,197777.7565
2040,02,02,43338.0562,173751.8338
2041,00,02,132912.7845,108674.2406
2042,01,02,176440.0402,206820.4152
2043,00,02,222056.2125,56945.6701
2044,02,02,124263.6435,166262.7942
2045,02,02,37227.7270,185732.5424
2046,00,02,235630.1212,202175.9792
2047,01,02,235492.4625,208896.9311
2048,00,02,231173.1592,201704.3991
2049,00,02,240183.7749,69525.3015
2050,00,02,36598.2318,194443.7402
2051,01,02,234380.4486,204261.3269
2052,02,02,125266.4499,153869.7013
2053,00,02,174229.1938,203120.8233
2054,02,02,162313.5312,144821.9556
2055,01,02,31621.1243,101923.0842
2056,00,02,63715.7291,62581.1485
2057,02,02,180453.3243,114912.2772
2058,00,02,172375.1254,221491.8873
2059,00,02,96110.2692,144976.4158
2060,01,02,47972.7134,233673.8953
2061,00,02,176229.8935,204302.8472
2062,00,02,230703.7289,71714.4384
2063,02,02,18883.2912,167987.1025
2064,00,02,225656.9667,206306.6008
2065,02,02,227463.8316,69735.9581
2066,01,02,77225.3948,160655.0798
2067,01,02,171007.1874,221401.5047
2068,01,02,238537.7943,72033.3246
2069,00,02,27776.8700,170442.9234
2070,02,02,36727.5227,170866.8071
2071,01,02,128014.0198,103069.3564
2072,01,02,222763.3536,203513.7130
2073,02,02,120921.0712,146980.7036
2074,02,02,33104.8543,193730.2511
2075,02,02,173610.1443,207754.5868
2076,02,02,54383.6904,232029.8231
2077,00,02,36898.3790,169680.6275
2078,00,02,246123.0624,55775.1510
2079,00,02,145379.1737,89293.1090
2080,00,02,126748.6634,186365.7173
2081,00,02,146909.9332,92787.7242
2082,01,02,23716.3784,102435.3954
2083,01,02,75723.4928,166778.7446
2084,00,02,166992.7386,216622.2947
2085,02,02,194910.6460,48160.9465
2086,01,02,41371.6165,173740.6688
2087,02,02,132997.1187,169908.4452
2088,00,02,86284.9897,151540.5325
2089,02,02,226472.7466,53754.9329
2090,01,02,81932.6879,155595.5881
2091,02,02,47859.8340,62754.9965
2092,00,02,119485.6800,167010.7972
2093,01,02,145094.2657,91694.1541
2094,02,02,141051.3445,242715.2881
2095,01,02,82633.7646,147422.3903
2096,00,02,98586.6005,141944.2611
2097,01,02,225207.6018,214012.7441
2098,01,02,187738.2082,102326.6699
2099,01,02,52905.4242,60132.5197
2100,01,02,125223.6173,159349.7664
2101,01,02,110893.4705,140000.2363
2102,00,02,188194.4591,49517.3016
2103,02,02,26123.9473,123583.4825
2104,00,02,136008.2217,226537.0866
2105,02,02,138582.5447,240832.0989
2106,02,02,201609.3344,57510.2844
2107,01,02,173929.8959,227726.6069
2108,01,02,160721.7326,142017.0541
2109,02,02,161332.6335,136321.7935
2110,00,02,203275.2804,57628.9909
2111,01,02,138834.6631,108415.4179
2112,01,02,185289.3931,102344.9954
2113,01,02,181891.7047,147398.9478
2114,00,02,165907.8704,222346.6846
2115,00,02,36056.1067,110933.2517
2116,00,02,133871.4992,178450.7913
2117,00,02,43588.0091,65584.4437
2118,02,02,147618.6440,109150.6988
2119,01,02,123261.4995,166519.7436
2120,01,02,42873.2407,194299.7871
2121,00,02,23392.7059,190715.0218
2122,00,02,163494.1423,235003.6640
2123,00,02,38299.9077,175949.1363
2124,00,02,131043.6133,161899.2374
2125,01,02,130850.4810,161919.3851
2126,01,02,184271.8525,111565.2009
2127,02,02,134250.9767,174561.5363
2128,01,02,155395.5703,252247.2660
2129,00,02,139299.5607,99918.3028
2130,01,02,149663.1163,105099.0827
2131,01,02,232817.2395,197150.5855
2132,02,02,50427.5424,238723.8079
2133,01,02,115771.9766,171579.7392
2134,02,02,24162.4206,164824.8446
2135,02,02,181156.4621,62712.7982
2136,01,02,71800.9966,155541.4763
2137,02,02,40242.7513,191504.1436
2138,00,02,198717.0819,64288.0960
2139,02,02,73167.6019,150430.6508
2140,00,02,137347.9636,242049.0610
2141,01,02,74648.6260,164610.2604
2142,02,02,21946.4491,160790.9358
2143,02,02,55073.6257,55382.1658
2144,00,02,130123.8669,87152.2719
2145,00,02,127112.5074,102338.7152
2146,02,02,123492.0930,92403.8921
2147,00,02,112814.6244,144699.5751
2148,01,02,235845.9807,206027.2471
2149,00,02,141869.9778,92316.8529
2150,00,02,104789.4088,158635.3658
2151,02,02,180087.6155,105959.8093
2152,00,02,230478.5964,51986.9170
2153,02,02,117971.2933,162498.5817
2154,00,02,124157.4876,104986.1505
2155,00,02,166762.7565,251338.2090
2156,00,02,19328.6507,118674.9152
2157,00,02,23763.3563,188334.3121
2158,00,02,84424.6477,149036.6854
2159,02,02,115758.5601,140455.2054
2160,02,02,23063.6137,161803.5923
2161,02,02,181586.7302,105257.3783
2162,00,02,44411.9373,225948.9445
2163,00,02,44906.4164,191374.8322
2164,02,02,188626.0070,58830.1198
2165,01,02,43002.3537,233334.6211
2166,01,02,125690.1551,83457.9675
2167,00,02,174874.5429,204110.1149
2168,01,02,162895.3552,253030.0082
2169,01,02,164198.1646,214420.5411
2170,02,02,37023.7949,226686.1289
2171,01,02,234804.9432,53930.5116
2172,02,02,121493.2967,88917.1784
2173,02,02,154007.8925,99566.4687
2174,00,02,143573.9022,112160.6533
2175,02,02,28576.1501,99594.2374
2176,01,02,21245.3486,114998.0464
2177,01,02,126384.0280,82728.5839
2178,01,02,18766.1019,106908.8043
2179,02,02,222510.5651,197860.9194
2180,02,02,16798.4873,114164.7319
2181,00,02,227076.1869,196944.4069
2182,00,02,130480.5099,86358.6495
2183,02,02,107173.6730,159041.1910
2184,02,02,23730.7235,194041.5481
2185,00,02,17954.1088,120702.5851
2186,01,02,67682.4964,157107.1852
2187,02,02,125038.4934,162130.7844
2188,00,02,151082.7562,109931.9906
2189,00,02,243755.9067,202758.3891
2190,01,02,166751.1795,237596.8194
2191,02,02,58186.9351,54155.6592
2192,02,02,120437.1317,98469.7361
2193,01,02,126815.4391,151712.2804
2194,02,02,122747.6249,161631.3224
2195,02,02,35481.0631,180711.0890
2196,01,02,140850.9774,111754.4722
2197,00,02,42517.5014,234460.4889
2198,01,02,185846.4844,124215.6307
2199,02,02,235201.2787,51357.9543
2200,00,02,132051.6433,231328.7737
2201,01,02,156332.1773,251014.1561
2202,00,02,171658.0315,119923.0017
2203,00,02,181547.2263,143111.9135
2204,00,02,137711.0461,174661.2510
2205,01,02,237620.7631,213230.4553
2206,01,02,106747.1723,163999.4796
2207,02,02,187626.6294,210397.6381
2208,00,02,81644.8995,142017.5040
2209,00,02,68979.0936,145556.7470
2210,02,02,139004.7546,171576.5026
2211,01,02,138144.0948,107089.5330
2212,00,02,124980.7483,166593.1683
2213,01,02,163591.2992,129687.2537
2214,02,02,34525.3331,186985.3895
2215,00,02,34822.5716,197239.4809
2216,02,02,174555.8063,106619.4735
2217,00,02,112207.7313,143142.7056
2218,00,02,35259.3057,200581.0913
2219,02,02,146360.5889,89980.2541
2220,01,02,53481.3426,235140.7949
2221,00,02,185403.8932,109931.9182
2222,02,02,114793.0762,178996.3952
2223,01,02,126008.0877,167144.4412
2224,02,02,49030.3951,52861.2098
2225,00,02,68656.9570,158900.1047
2226,00,02,19721.5686,165448.1876
2227,00,02,164287.5927,239955.1631
2228,01,02,24587.7216,111494.1370
2229,02,02,63256.2091,61601.1381
2230,02,02,168462.7205,239125.0280
2231,00,02,221300.6932,53928.5491
2232,00,02,225748.8381,54686.2097
2233,02,02,43249.4117,193317.7410
2234,00,02,176697.7258,105345.5807
2235,00,02,39334.5658,161832.0970
2236,00,02,78847.7242,165692.1344
2237,00,02,168512.5059,250128.5521
2238,01,02,227318.5821,193534.9266
2239,01,02,36104.3957,155350.1177
2240,01,02,33702.0915,160606.1465
2241,01,02,174642.8713,224284.0122
2242,01,02,124318.2426,163501.6736
2243,01,02,173064.7557,148283.1522
2244,01,02,157265.6320,255188.9684
2245,00,02,168087.2607,210546.7478
2246,00,02,44307.6481,60415.3702
2247,01,02,25917.2042,164894.8014
2248,02,02,164310.0058,221904.5696
2249,02,02,163321.1586,240125.5880
2250,00,02,202814.3147,57141.9897
2251,02,02,165344.1820,248938.8627
2252,02,02,183218.6738,217705.1671
2253,01,02,37668.6954,107048.7700
2254,01,02,174365.5514,145425.4613
2255,02,02,132020.9674,234706.4711
2256,01,02,122434.3855,185672.6153
2257,02,02,23159.6862,194343.8871
2258,00,02,154982.9681,106098.7511
2259,02,02,20325.0224,109147.3380
2260,00,02,35918.8720,111491.6263
2261,02,02,44916.5317,248079.0284
2262,01,02,57963.4499,240812.6178
2263,01,02,46585.7343,62980.4307
2264,00,02,77665.2300,166874.5617
2265,00,02,191687.9625,110096.7279
2266,02,02,55703.5528,242680.0057
2267,01,02,161421.8141,249834.4382
2268,02,02,114674.0015,136462.8265
2269,00,02,135693.8015,95044.3900
2270,01,02,234660.6599,64237.6278
2271,00,02,154742.6380,233198.3261
2272,02,02,147689.3943,99704.6865
2273,02,02,17447.1419,117710.5316
2274,00,02,203452.1150,49318.5051
2275,01,02,175571.6142,140298.3845
2276,02,02,131902.1446,173731.4913
2277,00,02,136529.6783,167794.1242
2278,02,02,168475.3496,223698.0712
2279,01,02,168087.6531,206447.4233
2280,02,02,224177.7588,194883.0210
2281,00,02,184720.7785,211567.7788
2282,01,02,192413.2226,66073.6095
2283,02,02,177963.7368,226121.2684
2284,00,02,138693.0695,172092.1526
2285,01,02,27943.5208,172705.7547
2286,02,02,188243.2722,125103.8630
2287,01,02,86374.3353,153606.5759
2288,00,02,168923.8859,140626.4230
2289,01,02,189563.1292,49247.4258
2290,00,02,77698.4437,146829.2621
2291,02,02,128007.5254,235740.8274
2292,01,02,39146.1242,196243.2078
2293,01,02,26728.1047,179125.1198
2294,00,02,122248.1677,151495.5138
2295,00,02,54171.6291,67802.9967
2296,01,02,27091.2180,163187.2132
2297,00,02,221586.7614,53791.4765
2298,02,02,228501.2117,48432.9206
2299,02,02,108442.4525,138253.9954
2300,00,02,20579.8982,175713.8185
2301,02,02,143813.8734,114413.8671
2302,02,02,21080.8021,112372.4890
2303,00,02,32314.5567,191914.1999
2304,01,02,23785.9027,166941.9177
2305,01,02,76768.3424,140535.8764
2306,02,02,43312.0038,235663.9341
2307,01,02,238769.7736,198379.7612
2308,02,02,138435.7213,234100.0081
2309,00,02,189497.3380,49032.0759
2310,00,02,49050.5520,53100.2723
2311,02,02,174855.4910,207680.6487
2312,02,02,42251.6425,110131.1863
2313,01,02,223719.5849,50660.9145
2314,00,02,116224.6568,145897.3721
2315,02,02,180657.5934,214503.1032
2316,00,02,127761.8405,174752.8330
2317,01,02,57887.6168,48593.7605
2318,02,02,132863.3223,173763.4756
2319,01,02,120272.5857,93703.5593
2320,00,02,190542.4696,53442.0832
2321,01,02,142609.8067,101516.1681
2322,02,02,62920.8134,159451.7942
2323,02,02,144925.3483,97800.8320
2324,02,02,183250.8919,120807.3441
2325,01,02,136294.6592,165687.8573
2326,01,02,24430.8311,208055.7952
2327,02,02,128771.6172,97557.8845
2328,02,02,149587.1888,223678.1553
2329,02,02,196738.4990,62675.6615
2330,01,02,140260.8065,218188.7275
2331,01,02,116874.2230,151500.0360
2332,01,02,182716.9497,138206.6406
2333,00,02,228211.4362,68411.8496
2334,02,02,171916.4928,140634.4804
2335,00,02,46344.7363,239523.8297
2336,01,02,33485.3659,170685.5628
2337,02,02,97371.7275,156968.1506
2338,02,02,184401.3122,222947.2474
2339,01,02,59860.8474,59347.2908
2340,00,02,117994.7717,161173.5358
2341,02,02,239465.7150,192278.5448
2342,00,02,161409.5328,253551.1953
2343,01,02,43943.9528,194606.6960
2344,02,02,22526.9300,190665.7163
2345,00,02,232256.4427,57414.2585
2346,01,02,245385.4824,200474.9670
2347,00,02,130312.9821,105848.4967
2348,02,02,122984.3754,105495.0900
2349,00,02,126321.1444,102345.3953
2350,01,02,24665.7855,114381.1851
2351,02,02,57552.6124,59207.1701
2352,02,02,128902.7962,219357.1344
2353,02,02,182853.9543,216890.9879
2354,01,02,230782.1573,215077.0081
2355,00,02,205367.9658,56094.9875
2356,02,02,140684.2913,227986.2955
2357,01,02,238896.6498,202586.8399
2358,01,02,200177.5668,65797.8069
2359,00,02,185920.1748,210943.6764
2360,00,02,204526.2117,67243.6845
2361,00,02,153465.3838,249272.3774
2362,02,02,164521.5618,235066.2611
2363,00,02,107440.0261,150986.1403
2364,02,02,190869.5773,68043.9087
2365,01,02,187247.7647,209270.1887
2366,00,02,230860.6340,48473.9344
2367,01,02,85457.1331,148887.4992
2368,02,02,112826.9421,147030.8740
2369,02,02,160901.4931,231884.5479
2370,02,02,238581.9005,50419.6648
2371,00,02,48928.4485,51702.3400
2372,01,02,43025.2289,241333.6377
2373,00,02,23687.5579,114148.6193
2374,01,02,25594.0310,189994.3169
2375,00,02,80560.9223,149134.0660
2376,00,02,191579.3142,104123.6013
2377,00,02,17555.7476,113294.0172
2378,00,02,64181.0427,57565.5184
2379,02,02,164066.5384,143129.8818
2380,02,02,138931.9915,241828.7403
2381,02,02,192963.4089,112456.5624
2382,00,02,132530.8975,108998.2701
2383,01,02,125582.3377,180158.5841
2384,01,02,174575.8536,144914.2069
2385,00,02,30008.8406,200437.7584
2386,00,02,191155.1397,112754.0568
2387,00,02,59000.7695,67249.8598
2388,00,02,170795.7463,225739.9503
2389,00,02,186024.9372,110388.7904
2390,02,02,81878.1307,155233.5382
2391,02,02,160844.2265,249912.4799
2392,02,02,138280.8644,106820.3978
2393,00,02,37845.8141,118326.9477
2394,00,02,165735.7606,212663.2329
2395,00,02,145124.7546,88730.3336
2396,00,02,28091.2029,179537.5804
2397,01,02,41919.0073,175976.8685
2398,02,02,225045.5646,207684.7663
2399,01,02,169290.0077,245642.4065
2400,01,01,181154.8050,148421.8993
2401,02,01,228774.4727,62187.5821
2402,00,01,199230.2058,51770.3801
2403,01,01,220443.3916,61985.1261
2404,02,01,237362.6960,214361.0228
2405,02,01,56623.9850,57746.6044
2406,01,01,22748.1203,101020.2809
2407,01,01,30337.8543,163214.3441
2408,00,01,119093.2765,155176.4240
2409,01,01,227044.4609,198950.9877
2410,02,01,224273.9611,210494.8780
2411,00,01,161768.1470,237973.2277
2412,02,01,161266.2942,140362.2149
2413,00,01,29559.7669,119778.4020
2414,02,01,115264.5955,152393.4360
2415,01,01,158188.0860,241647.0674
2416,01,01,174515.6162,209841.9932
2417,00,01,203190.7376,67424.3674
2418,02,01,194047.2015,46155.5072
2419,02,01,68722.5133,150051.8488
2420,01,01,57753.3299,230318.6092
2421,01,01,118913.4637,94839.5407
2422,00,01,230880.3002,71205.2372
2423,00,01,144914.3712,232429.1092
2424,00,01,179464.0084,136549.6887
2425,01,01,49596.8280,53373.7408
2426,01,01,144309.5356,246179.5913
2427,00,01,87511.1127,158512.8465
2428,01,01,46210.6310,193011.4810
2429,00,01,44070.1954,64596.8432
2430,00,01,54634.5915,63846.5266
2431,02,01,177591.6054,204082.4118
2432,02,01,19882.8300,118600.7058
2433,01,01,27079.1927,114432.0639
2434,01,01,163386.8445,131686.9796
2435,00,01,81376.7390,163700.6984
2436,02,01,24987.8456,186587.0434
2437,00,01,144651.4646,111850.1000
2438,02,01,100688.9620,145101.7432
2439,00,01,143653.2205,91757.8142
2440,02,01,21220.5833,199141.9874
2441,00,01,128812.8408,227350.9089
2442,01,01,51136.9916,44834.1624
2443,01,01,25661.0829,201158.7825
2444,01,01,55462.2847,56467.2480
2445,01,01,197232.4967,65291.6618
2446,01,01,43029.6713,206705.5031
2447,01,01,137030.4565,179455.1840
2448,00,01,241276.4662,65101.3912
2449,02,01,43555.3216,196984.1542
2450,01,01,182724.1388,224730.9370
2451,00,01,165712.9011,210141.9751
2452,00,01,26438.3545,202186.9545
2453,01,01,38811.0407,162406.2113
2454,00,01,188053.6087,127645.6942
2455,00,01,24680.5247,103652.6385
2456,01,01,137578.3901,166343.4531
2457,01,01,36091.5478,101765.5431
2458,00,01,173905.5477,147361.8141
2459,00,01,113310.1821,153530.6889
2460,02,01,71091.5655,144406.7274
2461,02,01,45010.9413,200888.5549
2462,00,01,172714.6448,120624.0590
2463,02,01,96196.6415,153403.6882
2464,00,01,127516.4731,235034.4458
2465,02,01,123069.7114,97602.3197
2466,01,01,64736.2511,159812.8896
2467,01,01,71856.2014,154969.0635
2468,02,01,43358.0950,243154.2038
2469,01,01,165618.8932,148617.7348
2470,00,01,121950.0050,172299.2991
2471,00,01,53338.5601,55353.0037
2472,01,01,199116.5106,60494.5747
2473,00,01,43481.9675,206509.8184
2474,00,01,145689.1230,94393.4137
2475,02,01,42545.2041,242611.2734
2476,01,01,105116.1060,142408.8308
2477,02,01,187308.4274,221530.0949
2478,01,01,225184.5031,204516.6903
2479,01,01,140399.3179,96410.8402
2480,02,01,169712.5081,219198.1114
2481,01,01,26411.6476,114754.9843
2482,02,01,40748.6928,230383.6600
2483,01,01,161886.1480,243330.1744
2484,02,01,182561.7079,146083.6855
2485,01,01,19826.4747,165446.6695
2486,01,01,86977.7169,153206.5132
2487,02,01,132001.7485,181238.8790
2488,01,01,171454.9163,226565.9658
2489,01,01,180755.6059,123514.5335
2490,02,01,103137.0983,151447.2447
2491,00,01,232920.2877,208687.2116
2492,02,01,139160.7569,172650.7356
2493,01,01,178846.6586,210102.7943
2494,02,01,27754.6529,161077.1497
2495,02,01,18273.4647,108000.6243
2496,01,01,182155.1210,104719.6886
2497,00,01,152665.1153,101691.2784
2498,00,01,110985.5500,151531.7737
2499,02,01,181022.9223,144902.0057
2500,00,01,34409.5367,177475.7104
2501,00,01,26477.0036,158733.1913
2502,00,01,137327.4192,174463.5911
2503,02,01,44918.3599,245628.9442
2504,00,01,75772.6814,155642.4872
2505,00,01,141103.5467,113205.7539
2506,00,01,177703.6433,117999.0127
2507,00,01,154190.9548,249402.9982
2508,00,01,179165.6480,138487.8465
2509,02,01,45936.1073,52105.2555
2510,02,01,172724.3117,205900.8557
2511,01,01,111912.7472,167558.0886
2512,00,01,127904.2584,238962.4129
2513,01,01,50387.6678,50737.0994
2514,00,01,33682.0914,193869.9555
2515,00,01,44153.2593,59967.5294
2516,02,01,37061.7624,156332.0709
2517,02,01,103135.8457,164948.9303
2518,02,01,105756.0663,141478.5232
2519,00,01,179414.0282,141527.7573
2520,02,01,168385.4312,241898.2155
2521,00,01,132851.5108,184956.7368
2522,01,01,59710.8578,60042.1117
2523,01,01,114168.9930,169309.8618
2524,01,01,177542.3667,133091.3356
2525,00,01,187053.7246,221424.7700
2526,02,01,115304.4648,165596.9418
2527,01,01,19245.0691,166761.0062
2528,02,01,46680.4694,245988.8492
2529,00,01,193505.6687,45069.2328
2530,00,01,39798.0633,229548.2663
2531,00,01,177890.0674,119924.9858
2532,01,01,178910.9093,105521.4507
2533,00,01,70581.0917,146958.2341
2534,00,01,41821.1277,245894.3074
2535,01,01,26225.7139,173357.5342
2536,01,01,36347.5241,209416.8667
2537,00,01,241960.4005,206880.2904
2538,00,01,133338.6261,86415.5537
2539,01,01,111755.0376,139606.2793
2540,00,01,36748.0420,105142.3186
2541,00,01,43506.5019,173540.0457
2542,02,01,27608.9529,177684.6431
2543,02,01,22616.6303,174799.3562
2544,02,01,173572.1039,210824.4557
2545,00,01,170634.5013,218570.9609
2546,00,01,141729.6080,105028.8073
2547,02,01,130641.1115,164321.9144
2548,01,01,167305.4490,247538.9669
2549,02,01,35018.2757,208930.9544
2550,01,01,33468.8117,177455.3136
2551,02,01,16816.8456,109796.9329
2552,02,01,188977.1076,213296.9871
2553,00,01,107084.9147,143008.6967
2554,00,01,240007.7691,199607.5581
2555,01,01,200051.4979,58978.2900
2556,00,01,133866.3161,110437.8164
2557,02,01,18051.4060,107078.4980
2558,01,01,163506.8501,253026.0546
2559,00,01,19149.2268,107303.0023
2560,00,01,196739.6253,65680.7520
2561,00,01,152347.3269,254326.5093
2562,02,01,134691.2574,91816.6364
2563,02,01,162315.8480,139352.1768
2564,00,01,82353.9481,163339.0476
2565,02,01,161621.9629,252661.7582
2566,02,01,181092.9040,219286.5190
2567,01,01,152470.2367,232787.1674
2568,00,01,199372.9482,65959.0953
2569,01,01,104716.3921,141404.1476
2570,00,01,202572.4474,69279.8527
2571,01,01,42460.3924,167611.5633
2572,02,01,242391.9940,209878.2820
2573,02,01,233589.6708,67403.9428
2574,01,01,164296.4558,242226.8801
2575,00,01,171784.3890,225259.1243
2576,01,01,49319.7950,66801.1414
2577,00,01,42170.3568,173631.4893
2578,01,01,235617.7034,199856.9316
2579,01,01,164922.3136,217485.7765
2580,02,01,127197.2370,92642.3219
2581,01,01,38876.5196,206891.0420
2582,00,01,127604.9837,97668.3714
2583,02,01,30190.9758,102000.5993
2584,00,01,169197.4976,223255.1872
2585,01,01,129332.7805,186207.8674
2586,00,01,82701.4742,143595.7990
2587,00,01,190625.2568,46975.7237
2588,00,01,140851.2648,92435.2551
2589,01,01,42967.1960,112271.7898
2590,00,01,238317.7447,65836.3761
2591,00,01,132350.8095,219757.4317
2592,01,01,34863.3967,236994.7607
2593,02,01,30358.4717,156291.1889
2594,02,01,233379.0958,60549.0116
2595,02,01,200362.1630,57590.8091
2596,02,01,65671.5695,52150.5671
2597,00,01,171287.2588,149846.8272
2598,00,01,137700.6285,105466.7543
2599,00,01,196390.8939,50660.6716
2600,01,01,82209.4879,153472.6785
2601,02,01,77563.5306,158295.9338
2602,01,01,151080.3186,242590.6152
2603,00,01,224788.8349,49293.2850
2604,00,01,107049.4105,139496.7383
2605,00,01,132370.3568,96134.4727
2606,00,01,79378.3325,142083.3230
2607,01,01,186051.1813,138509.1610
2608,01,01,221718.5561,55361.6114
2609,02,01,241863.2467,194659.4148
2610,02,01,34021.8502,206864.8357
2611,00,01,130208.4480,180001.8492
2612,01,01,237248.5332,71812.7366
2613,02,01,116536.5732,161495.2724
2614,02,01,185044.2691,126748.8929
2615,01,01,176408.7593,108547.4583
2616,00,01,127057.9202,96218.9875
2617,00,01,77519.3596,145145.2598
2618,01,01,236964.0240,212216.7422
2619,02,01,148163.1977,105227.4830
2620,01,01,221968.4835,64209.3424
2621,02,01,30551.4940,164123.2377
2622,01,01,143205.7835,97343.6079
2623,00,01,147823.5050,103148.9394
2624,00,01,236393.9237,196437.2431
2625,00,01,46893.6629,225322.4142
2626,01,01,41555.8875,171127.4495
2627,00,01,190838.9542,63852.2350
2628,00,01,38878.7307,177947.3970
2629,00,01,98140.1008,147112.4067
2630,02,01,156948.6866,236031.0036
2631,02,01,148605.5364,221076.1244
2632,01,01,149706.1042,108458.6582
2633,01,01,127704.0035,98777.2872
2634,01,01,179024.6014,124374.4802
2635,01,01,180819.7004,101956.6412
2636,02,01,130058.1624,168202.8956
2637,02,01,36281.9086,178304.7019
2638,02,01,156651.8359,232974.7845
2639,02,01,175505.4110,109503.3572
2640,00,01,22065.1834,190805.0909
2641,00,01,129221.7583,96910.7308
2642,02,01,31019.6616,167983.6446
2643,02,01,34838.7191,186164.0335
2644,01,01,166056.0513,136040.9494
2645,01,01,189863.7590,112948.6680
2646,01,01,128706.1604,155464.3620
2647,02,01,160108.9845,136670.5145
2648,01,01,159386.7982,246817.6884
2649,00,01,126391.0158,234145.9171
2650,00,01,170968.5362,129396.7050
2651,00,01,37551.4553,229507.7973
2652,01,01,142257.4148,93461.7252
2653,00,01,111948.5256,156248.4054
2654,01,01,140146.1361,114226.6444
2655,00,01,25729.5065,109186.3261
2656,02,01,112594.4258,136551.3033
2657,00,01,30707.8202,154897.7544
2658,02,01,175048.0321,204784.6407
2659,00,01,18417.7643,110482.9895
2660,01,01,175698.1387,225438.9805
2661,02,01,189416.9940,102552.0854
2662,02,01,36839.3721,159474.1297
2663,01,01,68536.5977,57545.4520
2664,00,01,183818.7159,50191.0261
2665,01,01,100643.1801,160200.1068
2666,00,01,33561.5423,154269.7740
2667,01,01,154674.5793,103345.7406
2668,01,01,153122.2512,101392.8699
2669,00,01,130684.0416,83746.8379
2670,01,01,20485.0037,166020.2725
2671,00,01,29585.3233,209437.2922
2672,02,01,25017.5657,199659.1730
2673,01,01,57277.1967,235404.0034
2674,02,01,24083.2785,204434.8216
2675,01,01,103254.3614,140912.7895
2676,00,01,177194.3094,123860.5820
2677,02,01,140335.9405,96765.2836
2678,00,01,182961.0246,134210.4582
2679,00,01,187587.6929,53373.3235
2680,01,01,180222.1681,113381.2944
2681,00,01,160770.5520,241295.1284
2682,01,01,54151.2786,239367.7223
2683,00,01,166490.6800,252484.6254
2684,01,01,74875.0690,153160.7024
2685,01,01,86134.6172,154400.1392
2686,01,01,40861.6333,204666.7992
2687,00,01,38556.7341,243695.1315
2688,02,01,125561.1548,155608.7133
2689,02,01,127773.1593,228378.5525
2690,01,01,127400.3811,181732.6869
2691,00,01,34921.8480,123534.7339
2692,01,01,27100.0197,110194.9715
2693,00,01,244812.9792,196374.6770
2694,00,01,26529.5924,111552.0516
2695,02,01,55530.8119,230687.7114
2696,00,01,27105.2145,175682.0125
2697,00,01,221988.1182,199207.4455
2698,00,01,147231.3578,245004.6546
2699,00,01,136112.4775,167585.3288
2700,02,00,130941.7081,163872.8052
2701,00,00,165842.7252,242519.1342
2702,01,00,200998.5623,53999.4398
2703,01,00,150189.5468,96466.8331
2704,00,00,130388.6037,221620.6329
2705,02,00,153874.1783,93692.8471
2706,00,00,171453.7830,146781.9630
2707,01,00,130655.7924,95917.1401
2708,00,00,107430.6366,145967.3429
2709,01,00,188586.6013,210969.7283
2710,02,00,243305.4356,49963.8004
2711,01,00,31172.5399,104597.7362
2712,02,00,112754.0558,147816.0571
2713,00,00,23251.7480,164035.3398
2714,02,00,147650.3357,235621.7576
2715,00,00,192779.0780,125273.8241
2716,02,00,23174.9084,188139.0011
2717,00,00,152664.9996,253174.3501
2718,01,00,143826.0527,96184.5248
2719,00,00,118456.6428,94796.5254
2720,00,00,56071.9397,57553.8167
2721,01,00,161698.4584,241858.5821
2722,01,00,175570.0208,208392.7154
2723,02,00,156132.1904,248531.1825
2724,01,00,79759.1001,149958.8770
2725,01,00,233899.4817,53544.5492
2726,00,00,167078.4401,219038.5514
2727,00,00,107675.9811,168115.8889
2728,02,00,208083.8213,58427.5576
2729,00,00,132304.8579,83878.8170
2730,00,00,164411.5746,222911.9773
2731,02,00,164655.5785,223310.1855
2732,00,00,190541.8007,53218.4491
2733,01,00,131501.9895,107220.5577
2734,02,00,228806.4957,198489.8168
2735,02,00,24834.6427,157836.9765
2736,00,00,131885.2711,240641.3190
2737,02,00,173987.5712,122257.7371
2738,02,00,77869.9593,160317.4257
2739,00,00,221652.8324,55096.8751
2740,01,00,201007.2504,53375.5707
2741,01,00,234166.5761,192505.4776
2742,01,00,161770.1155,235305.4082
2743,02,00,177590.1654,226925.5601
2744,01,00,26714.4569,161639.8159
2745,00,00,77656.8286,146167.5843
2746,02,00,146949.6196,87305.2671
2747,01,00,118888.8993,98941.5199
2748,02,00,33543.6149,121686.5227
2749,02,00,118628.0654,140104.0256
2750,02,00,135001.4129,236533.8615
2751,01,00,188293.8331,212069.6876
2752,01,00,36179.3720,187946.6686
2753,02,00,233719.0373,52513.9832
2754,00,00,30488.7212,113889.6432
2755,02,00,114688.3655,144553.8679
2756,01,00,163317.6536,245015.0359
2757,02,00,188574.0529,117223.0544
2758,00,00,41370.8666,206923.6530
2759,00,00,194744.1520,111925.7676
2760,00,00,107788.0387,152968.0141
2761,00,00,38458.0380,244739.3894
2762,02,00,243668.4777,61063.3448
2763,01,00,230662.0365,50486.9326
2764,01,00,180597.6738,121767.8485
2765,01,00,168052.6109,145268.2273
2766,02,00,237548.3035,55025.7098
2767,01,00,35474.6364,230260.2014
2768,02,00,20115.7543,108403.2456
2769,01,00,189676.0331,119931.8420
2770,00,00,161265.7810,238981.5826
2771,02,00,103717.0580,149725.5798
2772,02,00,155689.1639,99975.6778
2773,02,00,150751.9856,228160.2809
2774,00,00,143785.9877,236240.8823
2775,00,00,24355.0445,187444.4878
2776,00,00,121139.9351,97382.5044
2777,02,00,240878.7819,205154.5006
2778,01,00,128175.0063,237183.2887
2779,00,00,64470.5807,146749.7954
2780,01,00,179523.0429,125664.3977
2781,01,00,39863.3937,107092.0302
2782,02,00,58617.7576,54708.5424
2783,02,00,226123.9240,190587.1828
2784,00,00,21701.2854,176822.0441
2785,01,00,20440.7817,107678.7933
2786,02,00,41661.6443,238020.5739
2787,02,00,159759.6833,249023.0848
2788,01,00,170133.2962,214683.1017
2789,01,00,224538.9568,61718.5939
2790,02,00,236324.2854,65003.5941
2791,02,00,184435.3512,106715.1071
2792,02,00,145268.1801,225633.3043
2793,00,00,52999.6691,56319.0217
2794,01,00,180674.3108,102643.6796
2795,02,00,19947.9635,198775.7785
2796,02,00,186784.8264,119124.4710
2797,01,00,178675.0051,217485.5694
2798,00,00,203039.9405,69061.1459
2799,01,00,30074.0179,193251.6334
2800,01,00,145730.3705,222947.3134
2801,02,00,165820.9603,208508.3335
2802,00,00,220128.0568,204754.1757
2803,02,00,226756.4479,198970.1105
2804,01,00,170665.6753,139674.7724
2805,00,00,180047.3926,129764.1319
2806,00,00,220326.2488,61534.1284
2807,00,00,137651.2807,113546.4385
2808,01,00,40984.1242,111606.4345
2809,02,00,97111.5517,151399.0216
2810,02,00,41222.4498,112342.9335
2811,02,00,132339.2236,181254.0188
2812,00,00,133350.5953,225783.2927
2813,00,00,204986.8512,55685.3099
2814,00,00,31423.0369,120538.4079
2815,02,00,117653.9140,160140.6089
2816,02,00,231752.5745,201500.6963
2817,01,00,121121.6938,176775.2369
2818,02,00,46403.4909,65265.8919
2819,02,00,82646.8070,161236.6008
2820,01,00,141756.7119,109090.6417
2821,00,00,124205.6626,83373.8669
2822,01,00,53230.1180,234849.8939
2823,02,00,154541.5843,241655.2456
2824,01,00,110480.4872,170127.5250
2825,01,00,183769.5401,213855.9758
2826,01,00,20727.7323,161554.9236
2827,01,00,127486.3561,169178.5328
2828,02,00,34547.1188,199673.7637
2829,00,00,19316.6205,107492.1720
2830,02,00,115426.1078,153475.0291
2831,01,00,122775.0674,150718.3601
2832,01,00,38928.0147,176346.5735
2833,02,00,178322.9622,218988.4531
2834,00,00,34623.7608,112013.5370
2835,02,00,62659.3002,149170.0014
2836,00,00,50214.7521,232520.2473
2837,00,00,41078.9792,236486.0116
2838,02,00,138616.9594,217464.7981
2839,02,00,180590.8037,206043.2642
2840,02,00,139477.8034,232095.0554
2841,01,00,138421.9626,233678.1430
2842,01,00,220818.6581,54511.1219
2843,02,00,240045.2581,192275.4525
2844,02,00,156747.0190,234786.5801
2845,01,00,33263.9553,184346.0581
2846,00,00,188114.8968,218284.9708
2847,02,00,176490.3311,148712.3006
2848,01,00,207490.9052,59565.0346
2849,00,00,129119.1602,93313.1118
2850,00,00,41945.3147,59694.1780
2851,02,00,46224.0468,55078.2697
2852,01,00,160513.7240,249651.9137
2853,00,00,127729.2930,235111.4050
2854,01,00,220670.5827,196855.4145
2855,00,00,36186.9382,121540.6198
2856,01,00,62099.7514,59698.9320
2857,02,00,53373.2005,232565.2070
2858,01,00,225643.3469,59292.3159
2859,02,00,120048.4938,96989.3637
2860,00,00,49370.7552,244540.4005
2861,00,00,240815.1109,192083.8770
2862,01,00,235977.4055,58108.9346
2863,00,00,25543.1632,199652.6295
2864,00,00,146831.3711,107407.8023
2865,00,00,64294.7045,156775.7253
2866,00,00,170422.0504,225303.1484
2867,00,00,239131.8699,211222.5369
2868,01,00,27676.3136,178736.6317
2869,01,00,172006.1442,146733.5455
2870,01,00,114154.2402,165522.2790
2871,00,00,224073.9204,68943.0482
2872,00,00,26129.4288,166276.9767
2873,00,00,242194.3066,63745.2776
2874,00,00,67892.7548,60621.6903
2875,01,00,231121.4134,71798.6887
2876,01,00,44904.1336,50319.2024
2877,02,00,23395.6591,189686.8774
2878,01,00,67151.0576,148134.1580
2879,02,00,192763.9249,123933.7540
2880,00,00,184577.9902,63730.2814
2881,01,00,135553.2735,101466.3314
2882,02,00,228787.8524,66930.3561
2883,01,00,34936.9540,101549.1430
2884,01,00,119383.4703,185157.9268
2885,02,00,238315.2863,49207.1180
2886,02,00,175161.0633,126938.4127
2887,00,00,22438.6021,113110.2816
2888,01,00,190525.4930,64112.1872
2889,00,00,230211.6132,208081.2401
2890,01,00,238371.3323,53318.5054
2891,00,00,130754.1675,182152.2715
2892,02,00,66660.2336,50704.9981
2893,02,00,130469.9742,175259.8691
2894,01,00,51470.0678,53937.1318
2895,01,00,121051.3099,148374.3168
2896,02,00,236943.5565,63282.9561
2897,00,00,121053.9203,182968.7026
2898,02,00,46540.1549,68095.1498
2899,01,00,117853.7683,163803.6827
2900,01,00,172480.4778,111363.2894
2901,00,00,83410.5842,163970.4741
2902,01,00,74403.5736,144084.0128
2903,01,00,164743.7450,135602.0775
2904,02,00,101112.1493,158773.3621
2905,00,00,244737.2480,202115.7596
2906,01,00,114827.6674,164583.8920
2907,02,00,137434.7316,103354.5682
2908,02,00,45477.4145,246270.8243
2909,01,00,43997.0449,239438.1747
2910,02,00,140150.9912,238165.1155
2911,00,00,173662.8496,114126.6000
2912,00,00,109072.1417,160299.7118
2913,01,00,137191.2311,97687.2360
2914,02,00,23544.8468,166973.9081
2915,01,00,35123.4217,232990.6153
2916,02,00,39239.1525,111873.2677
2917,00,00,122332.4225,95320.4031
2918,00,00,120005.5940,89884.8014
2919,01,00,172674.2842,141037.7009
2920,00,00,142465.5488,113026.9118
2921,02,00,225935.2708,64842.8871
2922,00,00,109980.4256,147906.8923
2923,02,00,152615.3310,99087.7394
2924,02,00,172523.3754,218112.3631
2925,01,00,176618.3217,212503.3991
2926,01,00,113207.5000,145822.6732
2927,02,00,105724.7558,156482.0114
2928,02,00,44413.7006,163129.6761
2929,01,00,69238.4696,147198.6063
2930,00,00,201024.5458,66177.4188
2931,01,00,163791.8978,244579.1261
2932,02,00,67478.6968,159004.2850
2933,00,00,206722.1410,56594.8054
2934,02,00,100763.6857,139406.5984
2935,02,00,32838.3297,126054.8841
2936,01,00,27228.9004,194563.7054
2937,01,00,124050.7444,99359.8464
2938,02,00,35724.5994,188464.7582
2939,00,00,30246.6898,186035.4968
2940,00,00,138443.1584,237906.1289
2941,02,00,137078.0220,219124.5543
2942,00,00,228273.3543,59494.5555
2943,01,00,123533.7395,171217.8330
2944,00,00,191869.2833,66215.1964
2945,00,00,47643.5450,237412.1146
2946,00,00,19930.9909,123344.0673
2947,01,00,173084.3915,219414.0175
2948,01,00,122545.9976,149629.6461
2949,01,00,177061.5323,139088.5241
2950,00,00,238919.0381,198129.4313
2951,02,00,180831.0291,134545.9865
2952,02,00,224282.1573,68594.7389
2953,01,00,171119.3554,125240.2433
2954,01,00,176277.4022,147359.8339
2955,02,00,153417.3733,105048.2824
2956,02,00,96847.7572,149054.9855
2957,01,00,118309.6388,146246.4031
2958,00,00,238338.0307,201098.6143
2959,01,00,133799.7787,99269.7235
2960,02,00,40020.6367,168732.0133
2961,02,00,121707.0619,177220.2370
2962,00,00,17957.8354,121259.8155
2963,00,00,236566.2169,53885.5045
2964,00,00,29818.1136,175531.6895
2965,00,00,179670.3504,117563.5751
2966,01,00,169427.6669,242744.4685
2967,00,00,61867.1953,47225.8883
2968,00,00,132753.3291,105630.4661
2969,00,00,141816.9494,98061.4707
2970,02,00,178803.2869,206536.9224
2971,02,00,140315.5759,113149.5332
2972,00,00,145415.1500,222692.3700
2973,01,00,44863.4433,64539.9864
2974,00,00,196061.4208,54301.3297
2975,01,00,177491.9368,216411.9674
2976,00,00,165066.5013,247317.8005
2977,00,00,174371.8795,204577.0888
2978,01,00,113485.8243,154468.6600
2979,02,00,26846.6049,117679.3992
2980,01,00,40423.4680,189179.8160
2981,02,00,30438.1931,164266.2202
2982,01,00,137771.3528,85887.4521
2983,01,00,103748.4073,158078.5695
2984,00,00,56372.4534,69076.1397
2985,00,00,120933.8722,177433.7091
2986,00,00,198878.9938,48119.3588
2987,02,00,175079.4346,218449.6868
2988,00,00,45713.2018,240674.6781
2989,02,00,42178.1266,107728.1577
2990,01,00,26905.7635,113925.8036
2991,02,00,145328.3792,247328.0021
2992,01,00,38305.6615,117101.9116
2993,00,00,127175.3015,156429.4732
2994,02,00,40129.1366,176018.4685
2995,01,00,142933.6905,107921.7850
2996,02,00,139143.4822,234163.0191
2997,02,00,170692.6183,137650.3052
2998,02,00,193156.9665,119039.1443
2999,02,00,191234.1613,45605.7545